rows=1360
cols=3665
(81, 49, 1468106259)
(81, 60, -45610419)
(81, 91, -1516823582)
(81, 113, -629784287)
(81, 184, 2069479990)
(81, 195, 2018910832)
(81, 228, 1311700513)
(81, 230, -1403444409)
(81, 248, 1137875845)
(81, 253, 1979456725)
(81, 255, 1979130482)
(81, 276, 592130895)
(81, 290, -2018375537)
(81, 351, 1612776929)
(81, 381, 1032278063)
(81, 424, -1150103536)
(81, 492, 687121749)
(81, 515, 854823169)
(81, 543, -1479389905)
(81, 548, -1399101483)
(81, 603, -1992363066)
(81, 612, 1673214927)
(81, 643, 97780672)
(81, 658, 1874540161)
(81, 694, -1959615510)
(81, 702, -18067733)
(81, 727, 2047589310)
(81, 750, 1340896173)
(81, 768, -1350238677)
(81, 788, -1714138412)
(81, 803, -1355801779)
(81, 836, -763139179)
(81, 857, 1485141167)
(81, 867, -1447811044)
(81, 872, -105672673)
(81, 874, 827990537)
(81, 896, -75963434)
(81, 916, 485695076)
(81, 942, -1097787077)
(81, 1018, 738322106)
(81, 1047, 1993803055)
(81, 1080, -1734338194)
(81, 1174, 1959791884)
(81, 1184, 216560850)
(81, 1202, -492755034)
(81, 1205, 1327408362)
(81, 1223, 859110763)
(81, 1256, -605326136)
(81, 1267, 554877958)
(81, 1344, 76592541)
(81, 1351, -1487319002)
(81, 1366, -1836035625)
(81, 1410, 1669954971)
(81, 1427, 907336582)
(81, 1465, -1041500645)
(81, 1490, 1821509830)
(81, 1532, -2074206415)
(81, 1600, 1452814098)
(81, 1640, 1718184631)
(81, 1804, 546288788)
(81, 1811, 1115227460)
(81, 1885, 2143842614)
(81, 1902, -1864225095)
(81, 1910, -1078327052)
(81, 1934, -1924271766)
(81, 1941, -1688821825)
(81, 1961, 868408961)
(81, 1968, 1094722147)
(81, 1988, -335767267)
(81, 2009, 1559530055)
(81, 2021, -1568844461)
(81, 2047, 735747411)
(81, 2058, 1919882050)
(81, 2103, 116156686)
(81, 2123, 870623370)
(81, 2135, -1587452615)
(81, 2171, -1002708489)
(81, 2272, -324132508)
(81, 2284, -1095649038)
(81, 2470, 178438828)
(81, 2484, 834261042)
(81, 2509, 26941735)
(81, 2599, 1618304085)
(81, 2655, -1865039006)
(81, 2679, -1170272895)
(81, 2793, 812311415)
(81, 2990, 124450226)
(81, 2996, -195874838)
(81, 3104, -241126867)
(81, 3118, -871706509)
(81, 3123, 2042832190)
(81, 3167, -1827457905)
(81, 3168, 1774593581)
(81, 3169, -534085737)
(81, 3181, -1613704757)
(81, 3208, 846181202)
(81, 3231, 1483207152)
(81, 3425, -1517417038)
(81, 3489, 1801544735)
(81, 3506, 255649331)
(81, 3511, 443446187)
(81, 3524, 956924704)
(81, 3534, 1818046963)
(119, 39, 534742356)
(119, 48, 840817423)
(119, 73, -1292523127)
(119, 79, 1999622875)
(119, 90, -1837168092)
(119, 155, 1092519885)
(119, 200, 1494917828)
(119, 230, 1218784178)
(119, 238, 1434447098)
(119, 291, 1013494489)
(119, 343, -173298983)
(119, 348, 1088451516)
(119, 364, -2029283804)
(119, 405, -1970512784)
(119, 413, -851759571)
(119, 490, 346262201)
(119, 491, -1401429126)
(119, 556, 1547143636)
(119, 581, -803825710)
(119, 605, 1837561708)
(119, 619, -369083636)
(119, 658, 1764287712)
(119, 673, -1829878560)
(119, 717, -1845919170)
(119, 832, 706905442)
(119, 851, -1027024889)
(119, 967, -1762556472)
(119, 992, -1065170817)
(119, 1021, 782315190)
(119, 1082, 1457216119)
(119, 1084, 171465575)
(119, 1103, 1562499846)
(119, 1236, -1015790510)
(119, 1265, 736032321)
(119, 1405, 1730799084)
(119, 1421, 1743490225)
(119, 1426, 928205072)
(119, 1445, 736420351)
(119, 1490, 359902722)
(119, 1531, 1539444691)
(119, 1545, 523036185)
(119, 1628, 1899130587)
(119, 1736, 2107260177)
(119, 1754, 650556039)
(119, 1775, -457187828)
(119, 1786, 2033446581)
(119, 1791, 188479797)
(119, 1864, -357178056)
(119, 1896, 743166544)
(119, 1952, -1875413194)
(119, 1973, -1657235488)
(119, 1999, -555869598)
(119, 2001, 1966969779)
(119, 2033, 174645331)
(119, 2053, -1050211661)
(119, 2070, -2017447186)
(119, 2099, -388234760)
(119, 2139, -606809646)
(119, 2170, 229776453)
(119, 2196, 1305467294)
(119, 2205, -969193144)
(119, 2209, 1930810694)
(119, 2218, -92651257)
(119, 2228, -90119086)
(119, 2243, 748675455)
(119, 2282, -96975855)
(119, 2296, -1554505127)
(119, 2340, -230892284)
(119, 2355, 1478098736)
(119, 2417, 64810673)
(119, 2421, 2142089767)
(119, 2454, 2138394079)
(119, 2529, -1907828326)
(119, 2572, -1545426100)
(119, 2580, -1774102679)
(119, 2583, -830074695)
(119, 2612, -129500407)
(119, 2615, 1683293210)
(119, 2624, 1807822962)
(119, 2646, -1491647561)
(119, 2701, -890270459)
(119, 2712, -1785362674)
(119, 2768, 1532231392)
(119, 2818, -145496946)
(119, 2861, 1248994751)
(119, 2897, 644503699)
(119, 2913, 1425782330)
(119, 2978, 224724728)
(119, 3029, -1955712943)
(119, 3072, 1145024929)
(119, 3094, 1553839780)
(119, 3107, 313028255)
(119, 3112, 11916255)
(119, 3151, -1368285153)
(119, 3156, 10922459)
(119, 3192, 745260035)
(119, 3217, 766529841)
(119, 3220, 570927186)
(119, 3227, -172209711)
(119, 3232, 953568203)
(119, 3314, 1994858375)
(119, 3344, -1343878554)
(119, 3363, -1616107508)
(119, 3395, 671742195)
(119, 3412, 877723415)
(119, 3414, -1533400852)
(119, 3564, -1015777854)
(119, 3565, 830868301)
(119, 3576, 700330137)
(119, 3589, -670376391)
(217, 10, -1765378487)
(217, 37, 1838800932)
(217, 42, 1264542074)
(217, 47, -188129102)
(217, 73, -245392447)
(217, 125, 306942127)
(217, 152, 1763645638)
(217, 168, -817832790)
(217, 206, -761920266)
(217, 211, 412707097)
(217, 230, -6103583)
(217, 239, 324686526)
(217, 278, 545781561)
(217, 301, -368066710)
(217, 320, -1568573552)
(217, 386, -2109099805)
(217, 419, -1435033258)
(217, 470, 1057959178)
(217, 479, 328099140)
(217, 603, -1526360963)
(217, 625, 2135975789)
(217, 672, 1116163172)
(217, 697, -1517116149)
(217, 829, 1361347720)
(217, 847, 1053011160)
(217, 851, 1914411104)
(217, 870, -867979829)
(217, 906, 661366369)
(217, 923, 423516072)
(217, 932, -969890613)
(217, 1071, -1071327792)
(217, 1098, -1343829046)
(217, 1114, -854070031)
(217, 1121, -1080566197)
(217, 1168, -1522931688)
(217, 1169, -1136965650)
(217, 1187, 964846690)
(217, 1193, -42661410)
(217, 1217, 914091211)
(217, 1238, 754694268)
(217, 1245, 1208018669)
(217, 1269, -43841910)
(217, 1308, 1505896811)
(217, 1325, 41344669)
(217, 1341, -556740691)
(217, 1342, -1971253270)
(217, 1384, 1691436738)
(217, 1402, 1704619630)
(217, 1498, 244288040)
(217, 1505, 1529873411)
(217, 1579, 522164655)
(217, 1617, 745690649)
(217, 1642, 139214452)
(217, 1643, 584814198)
(217, 1694, 1093163559)
(217, 1701, -1181825270)
(217, 1725, 242391977)
(217, 1728, 1828052917)
(217, 1747, 2062371461)
(217, 1797, 1829619447)
(217, 1863, -1418506952)
(217, 2026, 1157767772)
(217, 2054, 441869748)
(217, 2179, -320192339)
(217, 2181, -929614637)
(217, 2201, -2003422996)
(217, 2320, 1621291291)
(217, 2329, 618777117)
(217, 2351, 296272639)
(217, 2364, -1395910907)
(217, 2371, -785703917)
(217, 2438, -1429870542)
(217, 2477, -1617734955)
(217, 2510, -1317000024)
(217, 2539, -689717947)
(217, 2574, 1217388137)
(217, 2578, -97706556)
(217, 2597, -631013380)
(217, 2599, 556524995)
(217, 2619, 1525738296)
(217, 2677, 1885893184)
(217, 2687, -1669718278)
(217, 2711, 1314497507)
(217, 2755, 810272146)
(217, 2760, -1985716903)
(217, 2798, 2143223926)
(217, 2833, -1242716518)
(217, 2841, 55495654)
(217, 2901, 1275801994)
(217, 2903, -301507175)
(217, 2907, -1911812272)
(217, 2932, 1064627158)
(217, 2982, 33458924)
(217, 2988, 2105557790)
(217, 3022, 927877123)
(217, 3044, -242631550)
(217, 3075, 1078786922)
(217, 3080, 1607030566)
(217, 3120, 1922298743)
(217, 3159, 1037059075)
(217, 3162, 1714948364)
(217, 3165, -2042775058)
(217, 3188, -2146400567)
(217, 3201, -669200892)
(217, 3226, 1912294282)
(217, 3229, -59061755)
(217, 3241, -1665371601)
(217, 3280, -1470067677)
(217, 3337, -149010054)
(217, 3368, 1097471581)
(217, 3375, 1744700742)
(217, 3382, -1170294596)
(217, 3422, 1602921972)
(217, 3433, 2015168500)
(217, 3494, 2136916278)
(217, 3531, -39243713)
(217, 3563, -770130363)
(217, 3592, 726423164)
(217, 3593, -174553628)
(217, 3623, -853554767)
(217, 3655, 1506162500)
(248, 12, -2033884357)
(248, 21, -513462841)
(248, 67, 1358124970)
(248, 104, 952611423)
(248, 105, 200988827)
(248, 114, 457978352)
(248, 118, -745583046)
(248, 169, 1842704134)
(248, 280, -1017451429)
(248, 286, -898351482)
(248, 328, 501344960)
(248, 329, 474957288)
(248, 357, 259848235)
(248, 374, -1419956117)
(248, 459, -536578096)
(248, 468, 1702392440)
(248, 472, 1304561566)
(248, 520, 394171874)
(248, 525, 357622333)
(248, 563, 1661101521)
(248, 580, 275344847)
(248, 593, -1924995082)
(248, 622, -1417467421)
(248, 680, -2053626237)
(248, 753, -2037740838)
(248, 789, 273548147)
(248, 796, -255313279)
(248, 813, -950795124)
(248, 837, -308290187)
(248, 867, -1637188302)
(248, 877, -1215053760)
(248, 976, 1664771161)
(248, 992, -1563019013)
(248, 1020, -394679713)
(248, 1091, -385423040)
(248, 1100, 1969147662)
(248, 1105, 1153200435)
(248, 1136, 1556408947)
(248, 1137, -1739858689)
(248, 1209, -1490610217)
(248, 1213, 1754380459)
(248, 1277, -377151644)
(248, 1323, -1183191792)
(248, 1512, 1250126104)
(248, 1563, 277977845)
(248, 1577, -1006060047)
(248, 1583, -1551842747)
(248, 1623, 518651767)
(248, 1626, 1204491944)
(248, 1703, 1193301622)
(248, 1721, -1227110528)
(248, 1735, -1952466771)
(248, 1891, 1691848396)
(248, 1934, 1112392398)
(248, 1936, 702036912)
(248, 1965, 1580049751)
(248, 1978, -433499095)
(248, 2023, 1072187361)
(248, 2030, -1045611924)
(248, 2043, 1049279681)
(248, 2059, 2017225905)
(248, 2061, -144176166)
(248, 2104, 39320323)
(248, 2121, -234599116)
(248, 2149, -1307420376)
(248, 2188, 1448343596)
(248, 2192, 1412698299)
(248, 2204, -100863961)
(248, 2230, -743170864)
(248, 2267, -1300582281)
(248, 2314, -1515594487)
(248, 2356, 993149797)
(248, 2357, -980114198)
(248, 2361, -42300442)
(248, 2397, 603978606)
(248, 2403, -1844837183)
(248, 2413, 1218225847)
(248, 2424, 1518438913)
(248, 2476, 571993157)
(248, 2524, -1954344092)
(248, 2619, -1689510641)
(248, 2678, 615598697)
(248, 2702, -2043019971)
(248, 2716, 897891389)
(248, 2755, -87535791)
(248, 2796, 1274663519)
(248, 2871, -848432676)
(248, 2899, 975501602)
(248, 2914, 555034843)
(248, 2917, 907784033)
(248, 3033, -775540861)
(248, 3063, 1914508017)
(248, 3138, 2143575361)
(248, 3197, -859856435)
(248, 3213, 1604666738)
(248, 3275, 309969001)
(248, 3330, 2065776221)
(248, 3356, 553445354)
(248, 3367, 233034930)
(248, 3429, -48148436)
(248, 3487, 1510868004)
(248, 3489, 1817419831)
(248, 3495, 25127744)
(248, 3537, -239452168)
(248, 3560, -1210549892)
(248, 3588, 963320684)
(248, 3613, 263001208)
(248, 3657, -2001723700)
(250, 36, 1025032360)
(250, 84, 2058585618)
(250, 111, -972391998)
(250, 148, -1953822388)
(250, 154, -747521032)
(250, 170, 1576030551)
(250, 171, 525668895)
(250, 194, 1477609887)
(250, 229, -1635977093)
(250, 385, 1678690940)
(250, 442, -1022993550)
(250, 463, -1613686958)
(250, 531, 2137631427)
(250, 550, 740169999)
(250, 632, 486920592)
(250, 653, 1284903090)
(250, 672, 1652027614)
(250, 705, -375177859)
(250, 770, -30507061)
(250, 820, 1137109220)
(250, 829, -593500088)
(250, 830, 1047826832)
(250, 877, -1217429200)
(250, 889, 265494001)
(250, 920, 586237048)
(250, 949, 1637378722)
(250, 974, -1854995532)
(250, 1010, 959315291)
(250, 1076, 834364610)
(250, 1095, 1690716247)
(250, 1122, -94214500)
(250, 1124, 1311111770)
(250, 1143, 1482673752)
(250, 1159, -2143941635)
(250, 1230, -2033346306)
(250, 1231, 456135279)
(250, 1253, 242918688)
(250, 1313, 1528539095)
(250, 1322, -935196635)
(250, 1367, -968005694)
(250, 1437, 636223005)
(250, 1483, 948884783)
(250, 1497, 1184656737)
(250, 1524, 1082980292)
(250, 1535, 519466486)
(250, 1573, 1424651501)
(250, 1577, -1027106369)
(250, 1602, -1692242384)
(250, 1639, -1830963391)
(250, 1669, -186194929)
(250, 1670, -1752252105)
(250, 1685, -1286564950)
(250, 1688, -724238775)
(250, 1727, -1192435618)
(250, 1807, -2100840167)
(250, 1961, 630249131)
(250, 1974, 248976222)
(250, 1994, 1242784518)
(250, 2036, -983111627)
(250, 2073, 2056121328)
(250, 2176, 4900612)
(250, 2257, 177909746)
(250, 2266, 707431770)
(250, 2275, -1068761474)
(250, 2290, -1982274031)
(250, 2312, -771803571)
(250, 2324, 558002111)
(250, 2341, -1891259118)
(250, 2440, -55006001)
(250, 2475, -877829960)
(250, 2530, 1858331994)
(250, 2545, 966273232)
(250, 2620, -2066284651)
(250, 2643, 212442411)
(250, 2710, -889075590)
(250, 2743, -2073711727)
(250, 2754, -1361116115)
(250, 2861, 1395829324)
(250, 2867, 1699408205)
(250, 2874, 847536150)
(250, 2984, -1242669543)
(250, 3000, 425581624)
(250, 3018, 679933564)
(250, 3037, 928174990)
(250, 3095, -1489224062)
(250, 3224, -49497393)
(250, 3290, 349815571)
(250, 3304, 1396098147)
(250, 3351, 1537227306)
(250, 3365, 337550321)
(250, 3414, -1444624781)
(250, 3438, 288637442)
(250, 3444, 1878232447)
(250, 3463, -926532342)
(250, 3483, 1540967549)
(250, 3490, 128658344)
(250, 3535, -923756549)
(250, 3544, 2146124459)
(250, 3605, 726410278)
(250, 3623, 1350497213)
(250, 3629, 328360017)
(250, 3630, -1096700975)
(400, 1, -364920026)
(400, 22, 739298964)
(400, 34, -328739265)
(400, 112, -1592548671)
(400, 145, -1490062870)
(400, 165, 1088095094)
(400, 233, 1267097671)
(400, 242, -1047172667)
(400, 274, -299681825)
(400, 294, -1086905217)
(400, 318, 863373710)
(400, 330, -179131517)
(400, 348, 810316963)
(400, 363, 363262279)
(400, 366, -885291478)
(400, 418, -1388944976)
(400, 559, -728374100)
(400, 584, -917089525)
(400, 589, 1625528400)
(400, 629, 1931671812)
(400, 719, -1263346693)
(400, 731, -94899481)
(400, 788, 234323671)
(400, 807, 902525186)
(400, 826, -327880247)
(400, 833, -1574139825)
(400, 846, 1916222006)
(400, 913, -15048718)
(400, 956, -490977818)
(400, 1001, 804820420)
(400, 1041, 1141462795)
(400, 1071, 2088790940)
(400, 1097, 500610041)
(400, 1103, -1231274913)
(400, 1135, 2048756107)
(400, 1141, -941975676)
(400, 1158, -153168673)
(400, 1240, -1646111469)
(400, 1314, -328113876)
(400, 1341, 484471837)
(400, 1394, -1290020532)
(400, 1398, 1542044583)
(400, 1402, 787394443)
(400, 1429, -1605463180)
(400, 1451, 748288732)
(400, 1465, -425791650)
(400, 1715, 793361259)
(400, 1758, 1484102387)
(400, 1788, 1725898295)
(400, 1830, 716913388)
(400, 1834, 784782047)
(400, 1840, -313475611)
(400, 1884, -1247801564)
(400, 1908, 2077213299)
(400, 1914, -1260322227)
(400, 1931, -996532673)
(400, 1947, 1766958945)
(400, 2016, 1024119488)
(400, 2026, -1854400902)
(400, 2110, -303325544)
(400, 2203, -956445701)
(400, 2212, -1348741218)
(400, 2247, -1854448433)
(400, 2305, -1212269341)
(400, 2310, -692157086)
(400, 2324, 1847674232)
(400, 2341, 556186539)
(400, 2369, 1022543006)
(400, 2376, -268523986)
(400, 2456, -1973300970)
(400, 2496, -369475397)
(400, 2527, 1153551260)
(400, 2537, 1981870395)
(400, 2568, -632411476)
(400, 2615, -399388946)
(400, 2641, -332613436)
(400, 2651, 1898039877)
(400, 2679, 1807702032)
(400, 2755, 517331159)
(400, 2773, -2074254254)
(400, 2777, 1686767433)
(400, 2783, -1553907397)
(400, 2802, -1407117057)
(400, 2809, -1271745814)
(400, 2813, 1449572276)
(400, 2818, -1152277679)
(400, 2868, -1865313783)
(400, 2922, 15013025)
(400, 2949, 911447747)
(400, 2967, -1677346005)
(400, 3012, -350687338)
(400, 3021, 806538707)
(400, 3025, -698506186)
(400, 3192, 1576796977)
(400, 3214, -272057136)
(400, 3279, 1034954656)
(400, 3285, 2014147807)
(400, 3303, -1600723932)
(400, 3333, 676939470)
(400, 3338, 552905275)
(400, 3426, 331449285)
(400, 3429, 871492605)
(400, 3473, -365020238)
(400, 3480, 221600171)
(400, 3523, 556251425)
(400, 3536, 720402250)
(400, 3622, -193307395)
(400, 3627, -1895806634)
(410, 8, 1408552068)
(410, 65, 621909197)
(410, 70, -1308456445)
(410, 81, 1622169302)
(410, 105, -2023605973)
(410, 130, 1841154876)
(410, 131, -525838660)
(410, 170, -263996945)
(410, 199, -960370632)
(410, 201, -904690304)
(410, 217, 1671775228)
(410, 291, -232000520)
(410, 302, 774011312)
(410, 318, 1087580928)
(410, 362, -1033532352)
(410, 394, -1406280002)
(410, 399, -111811649)
(410, 425, -765701617)
(410, 441, -1320438582)
(410, 449, 1920864847)
(410, 469, -1180740413)
(410, 536, 1961150987)
(410, 537, -1328900553)
(410, 561, 1932828334)
(410, 575, -634976434)
(410, 584, 1768347466)
(410, 620, -2075436959)
(410, 701, -672856669)
(410, 755, 642898312)
(410, 858, -891340451)
(410, 861, -247708950)
(410, 1127, -1086707006)
(410, 1202, 601852062)
(410, 1203, 1499232033)
(410, 1214, -2126717396)
(410, 1274, 1476324502)
(410, 1277, 650377391)
(410, 1314, -1491422463)
(410, 1329, 1549276296)
(410, 1342, -1851086373)
(410, 1375, 1492191574)
(410, 1399, 757310025)
(410, 1459, -1733247598)
(410, 1503, 1159622162)
(410, 1584, 414675666)
(410, 1593, 1809789276)
(410, 1638, 921561112)
(410, 1640, 1596328750)
(410, 1696, 989548208)
(410, 1720, -2082366267)
(410, 1733, -953724289)
(410, 1750, -614587669)
(410, 1818, 472022990)
(410, 1857, -1992713522)
(410, 1863, 1049059251)
(410, 1881, 2144052547)
(410, 1992, -1005271107)
(410, 2018, -756782767)
(410, 2030, 1970860661)
(410, 2057, 2097771094)
(410, 2122, -813240991)
(410, 2166, 1204155711)
(410, 2188, -1228756264)
(410, 2200, -92682150)
(410, 2233, -530083453)
(410, 2255, 1667913290)
(410, 2267, -549942132)
(410, 2283, -1760218691)
(410, 2355, -1411208872)
(410, 2376, 344490611)
(410, 2383, 1359771092)
(410, 2395, 642225625)
(410, 2398, 641049095)
(410, 2419, 438392470)
(410, 2444, 548311045)
(410, 2490, 563162933)
(410, 2503, 663945833)
(410, 2537, 1366970446)
(410, 2546, -271125456)
(410, 2560, 1337069335)
(410, 2612, -2095135412)
(410, 2633, -1208776306)
(410, 2672, 1213111673)
(410, 2689, 399260809)
(410, 2711, 541261113)
(410, 2758, -1536387505)
(410, 2802, 1908047542)
(410, 2815, -165699676)
(410, 2817, 661041715)
(410, 2843, 358935886)
(410, 2933, 1304003736)
(410, 2954, -2005189790)
(410, 2960, -369278942)
(410, 2963, 1657202013)
(410, 2972, -1742558509)
(410, 3014, 65792418)
(410, 3024, -1818710178)
(410, 3100, 1050191362)
(410, 3103, 680534396)
(410, 3145, 593143784)
(410, 3272, -296668357)
(410, 3274, 994946078)
(410, 3354, 2095389333)
(410, 3357, -872694286)
(410, 3376, -576099846)
(410, 3422, -615510331)
(410, 3429, -2044456607)
(410, 3455, -1644354126)
(410, 3506, -1451559920)
(410, 3516, 592515190)
(410, 3529, -702026088)
(410, 3558, -1652537528)
(410, 3643, -2017583487)
(410, 3649, 1947196202)
(428, 5, 1968565578)
(428, 22, -1005008030)
(428, 31, -1933740123)
(428, 35, 120164337)
(428, 37, -1965287693)
(428, 54, -573673030)
(428, 61, -845004602)
(428, 66, 267270732)
(428, 93, -1092544005)
(428, 106, -1127863931)
(428, 151, -762604981)
(428, 165, 443450704)
(428, 210, -981511612)
(428, 338, -1954972444)
(428, 358, -799464417)
(428, 364, -2122188652)
(428, 367, -284299640)
(428, 411, 358162270)
(428, 426, -212030927)
(428, 463, 1482106517)
(428, 465, 765697525)
(428, 476, -1371022953)
(428, 508, 2111308383)
(428, 570, -1456911921)
(428, 633, -411248271)
(428, 642, 745183985)
(428, 644, 699002266)
(428, 675, 1748371636)
(428, 738, 251735082)
(428, 782, -1742970565)
(428, 786, 1617536860)
(428, 788, -2124095468)
(428, 801, 523997207)
(428, 803, 1759826188)
(428, 819, -498299115)
(428, 840, -1477275876)
(428, 874, 1172152526)
(428, 914, 1057577160)
(428, 977, 1103174322)
(428, 1024, 1676630938)
(428, 1031, -579397503)
(428, 1063, -1175761978)
(428, 1064, 2006339185)
(428, 1138, 216953001)
(428, 1146, -1450988835)
(428, 1185, 811498231)
(428, 1251, -12601943)
(428, 1255, 1909031553)
(428, 1264, -2050157266)
(428, 1333, -171833668)
(428, 1413, -1022026506)
(428, 1441, -1067158728)
(428, 1467, -2018001051)
(428, 1517, 782523444)
(428, 1541, 1577893711)
(428, 1685, -589076693)
(428, 1847, -1483171636)
(428, 1852, -926665097)
(428, 1935, -1956433717)
(428, 1997, -367279857)
(428, 2015, 424145275)
(428, 2050, 230796334)
(428, 2159, -102815754)
(428, 2171, -547433818)
(428, 2243, -1649938133)
(428, 2274, -531947762)
(428, 2321, 481541419)
(428, 2343, 351028404)
(428, 2362, 912575017)
(428, 2397, 988475573)
(428, 2399, 1629156425)
(428, 2477, 1164906009)
(428, 2482, 1009639816)
(428, 2500, 1071479135)
(428, 2552, 1564554865)
(428, 2612, 1908316766)
(428, 2708, 393023543)
(428, 2715, 1711460971)
(428, 2738, -1579597738)
(428, 2785, -1070739242)
(428, 2792, -1689688901)
(428, 2863, -946346124)
(428, 2868, 1676439601)
(428, 2871, 1642225317)
(428, 2904, 1110356241)
(428, 2918, -1433873965)
(428, 2923, -582575953)
(428, 2979, 1640775983)
(428, 3053, -258906756)
(428, 3086, 1482395634)
(428, 3093, 112579759)
(428, 3160, -1214267159)
(428, 3235, -2047455790)
(428, 3316, -745145985)
(428, 3328, -566069640)
(428, 3394, -86422708)
(428, 3424, -154198843)
(428, 3533, -1565344776)
(428, 3536, -1523336151)
(428, 3552, 1881941171)
(428, 3560, -830764331)
(428, 3624, 1316242624)
(451, 34, 1129796822)
(451, 36, 1958194626)
(451, 87, 418781740)
(451, 121, -395229937)
(451, 234, -763793583)
(451, 240, -2124563888)
(451, 287, -1070549788)
(451, 407, -1507814907)
(451, 424, 1081914661)
(451, 464, 1691067053)
(451, 506, -1269887768)
(451, 513, -1299925550)
(451, 533, -19728632)
(451, 541, -1758968619)
(451, 548, 373341928)
(451, 560, -181388356)
(451, 572, -875236)
(451, 599, 2130780658)
(451, 658, -877533289)
(451, 676, 1852764519)
(451, 689, 1631038927)
(451, 690, -584813683)
(451, 768, -1512916863)
(451, 783, 1418068548)
(451, 795, -424836301)
(451, 832, 765102102)
(451, 842, -1469291015)
(451, 865, 490606710)
(451, 874, -1844113367)
(451, 900, -1845873161)
(451, 991, -343278689)
(451, 1033, -347191607)
(451, 1035, -114594490)
(451, 1117, -326551259)
(451, 1201, -155183675)
(451, 1220, 496556192)
(451, 1229, -1459994926)
(451, 1243, 2097130704)
(451, 1318, -342920727)
(451, 1321, -1578572101)
(451, 1347, -746231305)
(451, 1361, -2008344496)
(451, 1486, 1464814696)
(451, 1492, -186883869)
(451, 1494, 1806802433)
(451, 1503, 1738472551)
(451, 1537, -1444787028)
(451, 1592, 1178913811)
(451, 1600, 1747844776)
(451, 1690, 1834473718)
(451, 1693, -1081871260)
(451, 1712, 2143067391)
(451, 1716, 474371478)
(451, 1838, 1926048390)
(451, 1915, 304480159)
(451, 1921, -345642215)
(451, 2013, -763600425)
(451, 2037, -2129474181)
(451, 2040, 541720728)
(451, 2101, -968597951)
(451, 2153, -1618835541)
(451, 2182, -693001481)
(451, 2200, 59220862)
(451, 2203, -335868320)
(451, 2212, 1334148638)
(451, 2236, -1162524290)
(451, 2281, -828674810)
(451, 2288, 361146545)
(451, 2298, 762401103)
(451, 2303, -969379430)
(451, 2335, -371388615)
(451, 2373, -816261087)
(451, 2388, -118463380)
(451, 2474, -36304419)
(451, 2512, -493916453)
(451, 2579, 238105219)
(451, 2585, 629646060)
(451, 2609, -1325730905)
(451, 2621, -1365023133)
(451, 2691, -2141500839)
(451, 2707, 1473607400)
(451, 2713, -371507480)
(451, 2715, 1534266023)
(451, 2746, 1111209465)
(451, 2799, -1900351199)
(451, 2830, 1506857920)
(451, 2874, 226424674)
(451, 2883, 1716824399)
(451, 2927, 1983075373)
(451, 3004, -1214768546)
(451, 3010, -1991862363)
(451, 3048, -1071183910)
(451, 3062, -783906724)
(451, 3156, 769251174)
(451, 3174, 685784873)
(451, 3223, -903626726)
(451, 3250, 1485631734)
(451, 3259, -64025490)
(451, 3276, -637681936)
(451, 3318, 489689477)
(451, 3516, -1074249513)
(451, 3645, 1882608417)
(451, 3659, 104755488)
(551, 3, -1008158729)
(551, 164, 824312364)
(551, 170, -248002840)
(551, 337, -2015758030)
(551, 342, 230817792)
(551, 359, -339146810)
(551, 613, -10982967)
(551, 632, -310058649)
(551, 673, 413925948)
(551, 719, -1052805823)
(551, 754, 398143029)
(551, 766, 1535754626)
(551, 768, 1198915982)
(551, 777, 1675972421)
(551, 797, -1814832407)
(551, 851, 173109652)
(551, 899, 1815110377)
(551, 903, 546105031)
(551, 909, -1850433363)
(551, 939, 151660339)
(551, 951, 1788023288)
(551, 975, 1344782392)
(551, 991, -280089563)
(551, 1021, 333545498)
(551, 1042, -1827391516)
(551, 1051, -1426565982)
(551, 1105, 352425947)
(551, 1133, -8415808)
(551, 1150, -1327063436)
(551, 1167, 190328307)
(551, 1181, 926026189)
(551, 1182, -1444821557)
(551, 1186, 458367430)
(551, 1257, -738899123)
(551, 1301, -1943661671)
(551, 1317, 486699461)
(551, 1346, -1369163721)
(551, 1571, -931290688)
(551, 1695, -69833679)
(551, 1745, -1167192913)
(551, 1771, -857986899)
(551, 1852, -1495171260)
(551, 1869, 1320498950)
(551, 1899, -461185811)
(551, 1940, -101169953)
(551, 1947, 1938732761)
(551, 1968, 1521260009)
(551, 2019, -1865835224)
(551, 2028, 962502986)
(551, 2043, 1362276410)
(551, 2094, -1839765996)
(551, 2126, -2144479919)
(551, 2165, -1004079286)
(551, 2185, 1151153791)
(551, 2262, -215179148)
(551, 2312, -22065857)
(551, 2341, -860033691)
(551, 2393, -978934446)
(551, 2443, 1915805983)
(551, 2473, 940305517)
(551, 2482, -801852951)
(551, 2491, 993954809)
(551, 2517, 1188497479)
(551, 2518, 301663541)
(551, 2546, -1131485277)
(551, 2559, -299779532)
(551, 2585, 1150254260)
(551, 2614, -515079542)
(551, 2668, -551307797)
(551, 2728, 38780542)
(551, 2732, -552802730)
(551, 2734, 276152490)
(551, 2735, -935312885)
(551, 2756, -1965814861)
(551, 2765, -1647977104)
(551, 2834, 2017772274)
(551, 2838, 381003395)
(551, 2917, 1424649392)
(551, 2957, 323163576)
(551, 3007, 910188159)
(551, 3038, -501626639)
(551, 3051, 987405013)
(551, 3063, -126694220)
(551, 3083, -723142122)
(551, 3157, 703298505)
(551, 3174, -129992488)
(551, 3175, -782816265)
(551, 3199, 1230452700)
(551, 3230, 715371007)
(551, 3274, -587488025)
(551, 3281, -111132970)
(551, 3335, 1123183310)
(551, 3443, -178230784)
(551, 3468, -236983998)
(551, 3490, -1512363394)
(551, 3555, -262519631)
(551, 3605, -1909568373)
(551, 3625, -1492258243)
(551, 3648, -752084726)
(551, 3660, -1878756494)
(551, 3664, -300639315)
(561, 16, -2044102356)
(561, 27, 607658057)
(561, 40, -1116480057)
(561, 113, 296256688)
(561, 126, -1911896864)
(561, 173, -273435489)
(561, 177, -193961120)
(561, 198, 121585304)
(561, 234, 1264558369)
(561, 258, 576211846)
(561, 360, 499851326)
(561, 381, -1827824518)
(561, 406, 541997670)
(561, 425, 736320790)
(561, 431, 1391479243)
(561, 470, 1471540654)
(561, 475, 1652719341)
(561, 550, 1340122190)
(561, 569, -1477234220)
(561, 588, 379179889)
(561, 608, 1561360623)
(561, 616, 13554938)
(561, 636, -70133619)
(561, 650, 1359459964)
(561, 667, 1543045389)
(561, 742, -1656543802)
(561, 755, -1386033308)
(561, 760, 1781281517)
(561, 779, -1766619595)
(561, 828, 695587032)
(561, 835, -26420053)
(561, 859, 1524663466)
(561, 876, -659953132)
(561, 885, 1586490220)
(561, 917, -369055337)
(561, 977, -248163082)
(561, 1004, -2092119196)
(561, 1068, 1093539933)
(561, 1073, -167039748)
(561, 1104, -617644258)
(561, 1111, -1939928732)
(561, 1116, -1316294046)
(561, 1129, 96027321)
(561, 1205, 1740965716)
(561, 1236, 512827305)
(561, 1253, -71154867)
(561, 1258, 395919816)
(561, 1272, -575606417)
(561, 1274, 771095530)
(561, 1313, 2120614940)
(561, 1463, -646009847)
(561, 1502, -200141764)
(561, 1529, 174183030)
(561, 1588, -1079006806)
(561, 1684, 633083457)
(561, 1704, 920558007)
(561, 1708, 1306897501)
(561, 1716, 1510776912)
(561, 1721, -963808611)
(561, 1741, 1098259874)
(561, 1764, 933780662)
(561, 1768, -1169789004)
(561, 1821, 842818867)
(561, 1848, -830445187)
(561, 1854, 528229356)
(561, 1877, -99032812)
(561, 1880, 1061607508)
(561, 1894, -1941232155)
(561, 1917, 1308552054)
(561, 1918, -82651812)
(561, 1932, 2062321635)
(561, 1934, -1902963013)
(561, 1957, 1199138137)
(561, 1974, -1062950884)
(561, 2033, 543731643)
(561, 2051, 502062157)
(561, 2168, 1616806968)
(561, 2177, 1973359550)
(561, 2211, -1906732490)
(561, 2322, -879051632)
(561, 2325, -381606527)
(561, 2332, -1150477381)
(561, 2368, 866734046)
(561, 2372, 823387394)
(561, 2376, 2093461368)
(561, 2377, 256623052)
(561, 2385, 238841509)
(561, 2462, 1578869218)
(561, 2514, 23150808)
(561, 2584, -1492226383)
(561, 2585, -163834008)
(561, 2619, -502165198)
(561, 2626, -1871183725)
(561, 2810, 1993689922)
(561, 2820, -1316803022)
(561, 2870, 1576280074)
(561, 2874, -1000504461)
(561, 2894, 1735830237)
(561, 2912, -1852090125)
(561, 2973, -1182263845)
(561, 3028, 202537021)
(561, 3051, -2090890895)
(561, 3059, 1520054428)
(561, 3063, 1397644676)
(561, 3085, -532729030)
(561, 3088, -1444169103)
(561, 3089, -1508908571)
(561, 3177, 1435390117)
(561, 3189, -869521909)
(561, 3233, 1479614435)
(561, 3402, -1029050718)
(561, 3485, 1590486269)
(561, 3612, -2105519909)
(561, 3635, 522757403)
(583, 1, 1902648388)
(583, 14, -1529318062)
(583, 44, -1854980750)
(583, 87, -1110093416)
(583, 117, -1028334642)
(583, 138, -1351710605)
(583, 223, -711560738)
(583, 282, 1660089590)
(583, 288, 1489758547)
(583, 347, 1250711592)
(583, 419, 590654354)
(583, 435, 1806864156)
(583, 485, -148277928)
(583, 498, -1029278230)
(583, 508, -1440259881)
(583, 511, 2063644407)
(583, 513, -692039554)
(583, 551, 437222250)
(583, 570, -1169131450)
(583, 571, 1951292483)
(583, 673, 562318329)
(583, 702, 1770019274)
(583, 724, 155061099)
(583, 731, 49027324)
(583, 768, 1598588375)
(583, 856, -2036065478)
(583, 916, 1031167928)
(583, 965, -1000173972)
(583, 966, -1384918720)
(583, 999, 387773460)
(583, 1003, 1824733163)
(583, 1032, 483410037)
(583, 1117, -1928118066)
(583, 1134, -1624176257)
(583, 1189, -7577973)
(583, 1198, 1584872899)
(583, 1231, 2044531168)
(583, 1253, 1437233547)
(583, 1279, -1193081121)
(583, 1312, 1772590409)
(583, 1331, 1244176144)
(583, 1353, 728479016)
(583, 1412, -1409329895)
(583, 1490, 115494457)
(583, 1509, -1502319195)
(583, 1552, -614065912)
(583, 1573, 667749490)
(583, 1580, -943242781)
(583, 1655, 151856317)
(583, 1714, 564193876)
(583, 1771, -366134771)
(583, 1796, 1542401208)
(583, 1802, 988895867)
(583, 1829, -288266739)
(583, 1836, -493730272)
(583, 1896, -987275048)
(583, 1922, -779584408)
(583, 1929, -132557410)
(583, 1941, -381302517)
(583, 2087, 1684420453)
(583, 2095, 1204074378)
(583, 2154, -356165038)
(583, 2193, -1812137616)
(583, 2200, -1783591506)
(583, 2204, -993815346)
(583, 2235, 396232964)
(583, 2245, -1781942306)
(583, 2276, -17901907)
(583, 2312, -1395783540)
(583, 2328, 1461137988)
(583, 2362, -1517890470)
(583, 2388, 798961313)
(583, 2414, -1815347900)
(583, 2423, -551063937)
(583, 2509, 356553640)
(583, 2618, -1949087029)
(583, 2629, 1989564779)
(583, 2661, -1140994959)
(583, 2675, -1761209928)
(583, 2699, 1010716933)
(583, 2702, -1771574658)
(583, 2747, -268328302)
(583, 2759, 467848179)
(583, 2799, -1872782404)
(583, 2822, 1330814934)
(583, 2919, 1663378490)
(583, 3010, 522928810)
(583, 3023, 2025891495)
(583, 3067, -514915578)
(583, 3084, 2118182460)
(583, 3115, 411852147)
(583, 3184, -1843545013)
(583, 3215, 1808279729)
(583, 3240, 1854126855)
(583, 3246, -788697092)
(583, 3256, 556713000)
(583, 3281, -1120019117)
(583, 3305, -1806237882)
(583, 3311, 84978133)
(583, 3406, -1627614277)
(583, 3408, -98784767)
(583, 3460, 1569049344)
(583, 3487, -1306448975)
(583, 3519, 1134423386)
(583, 3524, -1361312769)
(583, 3555, -1198002007)
(583, 3587, -1959267840)
(583, 3609, 1961292977)
(583, 3636, -692504683)
(583, 3644, -833420331)
(620, 11, 1218580799)
(620, 65, 677932613)
(620, 102, -2089676909)
(620, 141, -1585403410)
(620, 180, -278970664)
(620, 227, -987040231)
(620, 258, -2059114134)
(620, 314, -1491142595)
(620, 370, -1183781083)
(620, 380, 1623653790)
(620, 398, 2055676312)
(620, 399, -1677258778)
(620, 411, 968459688)
(620, 414, 910471241)
(620, 422, 1770226012)
(620, 426, 1006505079)
(620, 452, -157388171)
(620, 475, -1231216366)
(620, 549, -1669645454)
(620, 632, -1889783035)
(620, 668, 588675650)
(620, 684, 2044196045)
(620, 690, -366158925)
(620, 697, -805674064)
(620, 722, 1946396840)
(620, 732, 1958023701)
(620, 765, 1994280019)
(620, 783, 882533517)
(620, 789, 2133259547)
(620, 823, 168263213)
(620, 825, -499913389)
(620, 842, -526780473)
(620, 878, -1147050617)
(620, 884, -380354444)
(620, 886, 1935880512)
(620, 947, 1662935267)
(620, 970, 1201121313)
(620, 1002, -1148176596)
(620, 1051, -1230239627)
(620, 1060, -1768441588)
(620, 1086, 500155978)
(620, 1108, 550352832)
(620, 1119, 1408645888)
(620, 1179, 93291825)
(620, 1210, 68459893)
(620, 1246, -1769468211)
(620, 1260, -1912277884)
(620, 1304, -1138050538)
(620, 1322, 2005112849)
(620, 1337, 1621956925)
(620, 1378, -1043810192)
(620, 1400, 1363187651)
(620, 1466, 1631534608)
(620, 1488, -466401153)
(620, 1492, 1403654686)
(620, 1529, 1143024938)
(620, 1554, -1066600834)
(620, 1570, 1055524316)
(620, 1587, 689643428)
(620, 1591, -664551176)
(620, 1606, -1203390814)
(620, 1636, -1829652437)
(620, 1656, 992329119)
(620, 1681, 792453348)
(620, 1716, -1870786381)
(620, 1717, -1549018188)
(620, 1733, 1793033733)
(620, 1860, -1062562782)
(620, 1866, -68844861)
(620, 1881, 1695005221)
(620, 1946, -1649239613)
(620, 1955, -960026989)
(620, 1993, 638854408)
(620, 2018, 555074049)
(620, 2048, -1976785484)
(620, 2069, -417670983)
(620, 2123, -1780076730)
(620, 2127, 1189910206)
(620, 2162, 315843124)
(620, 2181, 1393838348)
(620, 2182, 1529282847)
(620, 2197, 1356271898)
(620, 2243, -1522782754)
(620, 2300, 491781148)
(620, 2330, -640679361)
(620, 2345, 466343508)
(620, 2355, -1166225901)
(620, 2370, -753343236)
(620, 2538, -48720998)
(620, 2578, -1517221539)
(620, 2609, -771971397)
(620, 2639, 1813028881)
(620, 2662, 1676658554)
(620, 2695, -491473262)
(620, 2699, 92307102)
(620, 2708, -1063207108)
(620, 2771, -1825871845)
(620, 2778, 672787842)
(620, 2795, 1986506494)
(620, 2807, 520369980)
(620, 2810, -1279428442)
(620, 2833, -483903973)
(620, 2855, -651094831)
(620, 2897, 1047835865)
(620, 2960, -188217388)
(620, 2979, -229947481)
(620, 3025, 411363524)
(620, 3050, 643197561)
(620, 3117, 1570005931)
(620, 3124, 2019485975)
(620, 3159, -1744028302)
(620, 3236, -325689420)
(620, 3260, -1966976978)
(620, 3308, -218267697)
(620, 3325, 1466800231)
(620, 3329, -1196773836)
(620, 3399, -1350929016)
(620, 3411, -80946816)
(620, 3418, 887650990)
(620, 3420, -77842470)
(620, 3466, -312177999)
(620, 3526, 274874467)
(620, 3562, 25780673)
(620, 3589, -1236933498)
(620, 3643, 784112843)
(644, 31, -282874389)
(644, 154, 578777697)
(644, 163, -1215683390)
(644, 236, 2010141205)
(644, 257, 1664712000)
(644, 287, -413795706)
(644, 313, 1825822606)
(644, 328, 1944088344)
(644, 335, 2087848782)
(644, 432, -1244453083)
(644, 464, -132817616)
(644, 468, 662795736)
(644, 591, 69530804)
(644, 612, -206567190)
(644, 710, 1213478594)
(644, 725, 1538279471)
(644, 727, -2131940098)
(644, 750, -1809017791)
(644, 752, -739566535)
(644, 859, -1375388486)
(644, 950, -2108599268)
(644, 992, -1310561736)
(644, 1004, 417158529)
(644, 1040, -698546627)
(644, 1046, -165273437)
(644, 1055, -1287467484)
(644, 1127, 203711126)
(644, 1219, -670405778)
(644, 1232, 1948824121)
(644, 1313, -39376850)
(644, 1325, 1485159006)
(644, 1338, 1285546529)
(644, 1364, 424796550)
(644, 1494, -1481348013)
(644, 1516, 609734053)
(644, 1522, -1488300971)
(644, 1534, -1836028980)
(644, 1593, -1625626281)
(644, 1598, -1726042643)
(644, 1607, 203161855)
(644, 1688, -1856830318)
(644, 1725, -800040110)
(644, 1736, 1459405582)
(644, 1775, -1487340037)
(644, 1819, 1241860537)
(644, 1847, -295687271)
(644, 1850, 2019759838)
(644, 1859, -1612936806)
(644, 1880, 1724083484)
(644, 1938, 706437472)
(644, 1943, -2131711857)
(644, 1958, -1231022940)
(644, 1962, 2115648276)
(644, 1996, 7207765)
(644, 2038, -890167715)
(644, 2041, 473543597)
(644, 2193, 2039611816)
(644, 2207, 1513009293)
(644, 2227, -476816853)
(644, 2281, 1029345010)
(644, 2315, 1697227456)
(644, 2338, -546570720)
(644, 2367, 1297038070)
(644, 2370, -498207778)
(644, 2377, -1365793330)
(644, 2417, 1248832452)
(644, 2434, -493352223)
(644, 2442, -322453037)
(644, 2447, -1016308876)
(644, 2451, 2060282423)
(644, 2462, -417001661)
(644, 2503, 1718571742)
(644, 2534, 424898924)
(644, 2544, -667408129)
(644, 2549, 2051752417)
(644, 2555, -157428798)
(644, 2657, -1707241315)
(644, 2669, 1919261680)
(644, 2692, 1139618456)
(644, 2709, 1110882293)
(644, 2756, 1078892424)
(644, 2790, -1753433170)
(644, 2792, 1569044013)
(644, 2807, 418992398)
(644, 2821, 1291283356)
(644, 2841, -345057423)
(644, 2972, 1366768663)
(644, 3015, 153362740)
(644, 3057, 441885902)
(644, 3140, 1473130754)
(644, 3163, -1221953798)
(644, 3185, 2069244827)
(644, 3283, -1927417466)
(644, 3287, 1953905268)
(644, 3296, 851119865)
(644, 3301, 1196612808)
(644, 3319, 463365212)
(644, 3326, -1464553798)
(644, 3328, -688112528)
(644, 3349, -1000124126)
(644, 3360, -992906258)
(644, 3375, 1685310651)
(644, 3403, 927318737)
(644, 3421, 1243511007)
(644, 3426, 1046371725)
(644, 3464, 1558168943)
(644, 3470, 1009999682)
(644, 3486, 1231252298)
(644, 3533, 186579682)
(644, 3569, -928429833)
(644, 3584, 321777524)
(644, 3621, 524138727)
(644, 3634, -1000815771)
(672, 6, 64618453)
(672, 15, -1707301555)
(672, 23, 686198237)
(672, 25, -893654051)
(672, 28, 1333854231)
(672, 67, 1103292924)
(672, 130, 1148967868)
(672, 172, 1825151413)
(672, 184, -94364418)
(672, 198, -2106136303)
(672, 227, -1816890596)
(672, 259, 1421079436)
(672, 267, -133136339)
(672, 270, 700179009)
(672, 276, 293552335)
(672, 298, -1325193368)
(672, 320, -1221956886)
(672, 365, 1500459346)
(672, 396, -437191613)
(672, 466, -1499833549)
(672, 519, 356501587)
(672, 552, 548769004)
(672, 602, -1479574319)
(672, 622, 686910166)
(672, 624, -536742280)
(672, 677, -452141177)
(672, 693, 470405798)
(672, 707, 1592201547)
(672, 757, -2063569111)
(672, 758, 768872408)
(672, 773, 759422047)
(672, 799, 396168123)
(672, 803, 780774687)
(672, 819, -698709765)
(672, 986, -846879115)
(672, 1023, 590998879)
(672, 1076, 581872062)
(672, 1095, -597129462)
(672, 1145, 274795011)
(672, 1162, -1307441059)
(672, 1187, 1762984444)
(672, 1202, -1997939887)
(672, 1222, 1119290733)
(672, 1223, -19367791)
(672, 1231, 2078185574)
(672, 1295, 464506031)
(672, 1355, 749434095)
(672, 1386, -1814922848)
(672, 1410, -469201397)
(672, 1412, 155891860)
(672, 1512, -274830635)
(672, 1566, 1234964289)
(672, 1686, -1046125761)
(672, 1695, 767178674)
(672, 1711, 310688706)
(672, 1805, -1500760617)
(672, 1859, 1534714196)
(672, 1880, -1147406943)
(672, 1947, 903993476)
(672, 1983, -1789286248)
(672, 2057, 1124454927)
(672, 2065, -1393235795)
(672, 2091, 2115308214)
(672, 2163, -1345913060)
(672, 2170, -308408072)
(672, 2212, 819101850)
(672, 2214, -1792665436)
(672, 2225, 301045017)
(672, 2252, 1540357443)
(672, 2274, 1559502777)
(672, 2333, 1411313028)
(672, 2391, 1441909893)
(672, 2434, -554149960)
(672, 2516, -1435800956)
(672, 2590, 175055993)
(672, 2607, -26325740)
(672, 2652, 1459236343)
(672, 2658, 190959736)
(672, 2703, -1483902070)
(672, 2707, 236076617)
(672, 2771, 1159286431)
(672, 2792, 296411305)
(672, 2800, -296680135)
(672, 2807, -1937664588)
(672, 2832, 936513494)
(672, 2891, -305237042)
(672, 2892, 2077541484)
(672, 2894, 1779615470)
(672, 2899, -1452151339)
(672, 2916, 698520421)
(672, 3126, 1843918985)
(672, 3260, -73976779)
(672, 3329, -1241337268)
(672, 3362, -530177048)
(672, 3389, 174053998)
(672, 3403, -377712580)
(672, 3404, -1759031392)
(672, 3406, -141811288)
(672, 3461, 8833638)
(672, 3532, -1765260056)
(672, 3551, 662961205)
(672, 3606, -991989738)
(672, 3639, -786560212)
(771, 67, -1020051913)
(771, 72, -780449040)
(771, 95, 591335140)
(771, 101, 49919222)
(771, 105, 117564378)
(771, 128, -2057133449)
(771, 144, 1812190969)
(771, 186, 1101816998)
(771, 225, -1811306282)
(771, 416, 1299448157)
(771, 421, 1788594568)
(771, 423, 1730283725)
(771, 450, 51977446)
(771, 599, 222306436)
(771, 602, 1099011513)
(771, 613, -122063028)
(771, 614, 159411600)
(771, 633, 587855036)
(771, 673, 1062471575)
(771, 687, -1846661257)
(771, 733, 1207975287)
(771, 791, -1769333282)
(771, 794, -1626758337)
(771, 825, -995869798)
(771, 885, 1992499015)
(771, 910, 713492557)
(771, 911, 891281269)
(771, 927, 1280358811)
(771, 948, 1829700111)
(771, 950, -952678031)
(771, 953, 2108639632)
(771, 986, -697734767)
(771, 999, 1865071171)
(771, 1066, 861206876)
(771, 1116, -21460517)
(771, 1143, 444389831)
(771, 1163, -1407664125)
(771, 1301, 462059883)
(771, 1379, -1134116060)
(771, 1399, -1546627679)
(771, 1409, -269756968)
(771, 1484, 1712575227)
(771, 1487, 1308843632)
(771, 1502, 1266841691)
(771, 1548, 2023489280)
(771, 1577, -553515809)
(771, 1586, 672690917)
(771, 1589, -232609785)
(771, 1598, -618246148)
(771, 1612, 2043738030)
(771, 1650, -760211493)
(771, 1671, -143932318)
(771, 1674, -1134251296)
(771, 1684, -1241821762)
(771, 1726, 255143808)
(771, 1794, -1179131815)
(771, 1809, 865114927)
(771, 1875, 1202233326)
(771, 1876, -1464331449)
(771, 1889, 1028688672)
(771, 1901, 2060597442)
(771, 1954, -937313163)
(771, 1991, -2144326469)
(771, 2017, 2054889263)
(771, 2055, 1293338159)
(771, 2230, -1370512848)
(771, 2248, 950475275)
(771, 2266, -977281347)
(771, 2292, 94101057)
(771, 2314, 984154558)
(771, 2318, -1408700338)
(771, 2331, -751507692)
(771, 2356, -771911128)
(771, 2357, -1057741182)
(771, 2369, -761392472)
(771, 2404, -856152325)
(771, 2436, 119571854)
(771, 2482, -2057868922)
(771, 2559, 1623037876)
(771, 2631, 660547842)
(771, 2645, -812667861)
(771, 2651, 181257359)
(771, 2704, 1023372003)
(771, 2717, -531033925)
(771, 2735, 1775937071)
(771, 2762, 1762152107)
(771, 2771, 193610304)
(771, 2780, -1810469597)
(771, 2903, 2115195425)
(771, 2910, -1229269658)
(771, 2976, -1058274136)
(771, 2994, 1277147712)
(771, 3009, -800643565)
(771, 3056, 520638931)
(771, 3081, 1065263432)
(771, 3095, 985481268)
(771, 3113, -373960427)
(771, 3115, -868149669)
(771, 3186, -1197302733)
(771, 3192, 677790095)
(771, 3226, -983468426)
(771, 3302, -1207737954)
(771, 3364, 1197360176)
(771, 3460, 366422692)
(771, 3466, 2103358521)
(771, 3493, 1685876960)
(771, 3510, 1605131413)
(771, 3554, 531586946)
(771, 3591, 2008480748)
(771, 3604, -930981232)
(829, 41, -948949622)
(829, 53, -1862975907)
(829, 62, 858872045)
(829, 85, -923020599)
(829, 90, 1473242430)
(829, 93, -99446432)
(829, 141, 1459172183)
(829, 157, 1845736972)
(829, 228, 1418573607)
(829, 240, 708106719)
(829, 295, -27190724)
(829, 333, -1460757718)
(829, 344, -2096984739)
(829, 366, -223696430)
(829, 392, 1845071312)
(829, 604, -366312424)
(829, 624, 2124239355)
(829, 627, -1865068109)
(829, 707, 76895132)
(829, 722, -1350730211)
(829, 747, 1568555189)
(829, 859, -165283478)
(829, 934, 1879360009)
(829, 965, 274733983)
(829, 968, 2094033327)
(829, 1060, 1140101557)
(829, 1129, 283854108)
(829, 1132, -988454749)
(829, 1213, 793901969)
(829, 1234, 591915213)
(829, 1251, 1752345762)
(829, 1267, 1670251068)
(829, 1277, -1240656438)
(829, 1312, 1419674916)
(829, 1398, -893811019)
(829, 1400, 625503986)
(829, 1433, -456694583)
(829, 1440, 767021187)
(829, 1455, 1138682846)
(829, 1522, 574537788)
(829, 1555, 1747524082)
(829, 1575, -1402213015)
(829, 1578, -818262976)
(829, 1593, 67429161)
(829, 1600, 859802983)
(829, 1603, -2077328439)
(829, 1610, 623343420)
(829, 1620, 1399420966)
(829, 1692, -381651157)
(829, 1693, -1382084942)
(829, 1797, 704043134)
(829, 1868, -408750078)
(829, 1908, -1648055488)
(829, 1919, -1242183502)
(829, 1970, 578155631)
(829, 1975, -649928177)
(829, 1992, -1011902172)
(829, 2022, 1378381681)
(829, 2034, -516042067)
(829, 2073, 1859501508)
(829, 2087, -517392130)
(829, 2150, -254150665)
(829, 2202, -330559126)
(829, 2368, -754372967)
(829, 2410, -1692209412)
(829, 2445, 318893024)
(829, 2446, -1169019654)
(829, 2450, 66336980)
(829, 2469, -992901222)
(829, 2470, -2025775391)
(829, 2498, 676605790)
(829, 2513, -927118144)
(829, 2525, 881178861)
(829, 2564, 1119188151)
(829, 2568, 214319728)
(829, 2618, 139728890)
(829, 2634, -337284842)
(829, 2640, -663104640)
(829, 2655, 862719676)
(829, 2657, -615248083)
(829, 2696, 1601387314)
(829, 2743, -1584288948)
(829, 2811, -1255846843)
(829, 2844, -325298760)
(829, 2868, -37894814)
(829, 2929, -2009595466)
(829, 2942, -440824032)
(829, 2986, -1514360256)
(829, 3066, 1437437036)
(829, 3084, -1946124590)
(829, 3092, 1778724714)
(829, 3098, -515478057)
(829, 3100, 1408351620)
(829, 3143, 1243764935)
(829, 3201, -21126922)
(829, 3212, 604300540)
(829, 3235, 499058527)
(829, 3236, 1857615824)
(829, 3248, 820328724)
(829, 3257, -1113698197)
(829, 3336, -392021317)
(829, 3361, -1250961861)
(829, 3375, 121878601)
(829, 3488, 599808211)
(829, 3493, -616529546)
(829, 3520, 2114332096)
(829, 3549, -1831885899)
(829, 3597, -2002855842)
(829, 3599, 1487323843)
(829, 3617, 842512441)
(829, 3638, -1481707413)
(861, 114, -223486482)
(861, 176, 483465699)
(861, 247, 1894698394)
(861, 248, 156257919)
(861, 276, -1759199051)
(861, 313, 1635161078)
(861, 350, 590417686)
(861, 412, -2102564820)
(861, 448, -132548614)
(861, 505, 1246933166)
(861, 516, 1180132218)
(861, 525, -557814465)
(861, 588, 2016903002)
(861, 736, 1609843411)
(861, 761, -1443454303)
(861, 782, -799588031)
(861, 787, -943175636)
(861, 809, 1610548560)
(861, 886, 2130644881)
(861, 985, -1770022408)
(861, 991, 523453331)
(861, 1143, -264178632)
(861, 1146, -453771313)
(861, 1151, 1138214420)
(861, 1175, 315553027)
(861, 1241, 1786869831)
(861, 1276, 1197283714)
(861, 1290, -1320591373)
(861, 1293, 39045345)
(861, 1299, 839897569)
(861, 1357, -1484347020)
(861, 1375, -224828285)
(861, 1378, 793481799)
(861, 1395, -738676217)
(861, 1396, -2045181592)
(861, 1446, 1427428503)
(861, 1551, 1728255979)
(861, 1618, 529041356)
(861, 1660, 115105557)
(861, 1733, -29871355)
(861, 1755, -1200865211)
(861, 1833, 1850379127)
(861, 1844, -2083133226)
(861, 1914, -200341777)
(861, 1924, -1954377982)
(861, 1925, 1931593287)
(861, 1958, -1342739899)
(861, 2009, -1376497091)
(861, 2094, -705157721)
(861, 2101, 866873912)
(861, 2128, -1266110905)
(861, 2149, -821399940)
(861, 2193, 545616803)
(861, 2209, 1599180589)
(861, 2254, -1510032980)
(861, 2259, -219578563)
(861, 2315, -160180061)
(861, 2334, 2060691310)
(861, 2421, -60930336)
(861, 2449, 396888709)
(861, 2456, 747460082)
(861, 2471, 15448829)
(861, 2498, 1290191932)
(861, 2521, -1328140357)
(861, 2571, 1808920055)
(861, 2590, 2018370029)
(861, 2609, 1888964485)
(861, 2621, -1867234407)
(861, 2631, -1995583932)
(861, 2663, 1965724946)
(861, 2713, 1353450102)
(861, 2748, 1766357413)
(861, 2794, -214195232)
(861, 2910, 397129711)
(861, 2952, -1460813444)
(861, 2958, -635577689)
(861, 2993, 1641390814)
(861, 3007, -690637052)
(861, 3022, 1407217876)
(861, 3034, 475173014)
(861, 3037, 2044078378)
(861, 3075, -659027677)
(861, 3106, 685443856)
(861, 3143, -2105869671)
(861, 3160, -424498972)
(861, 3208, -1195074620)
(861, 3311, 1806353541)
(861, 3330, -504225408)
(861, 3390, 77884596)
(861, 3471, -1856625346)
(861, 3488, -2050320650)
(861, 3513, 1025189938)
(861, 3561, 175432759)
(861, 3584, 1999668897)
(861, 3626, 825481451)
(895, 0, -1262016454)
(895, 10, -1151149389)
(895, 17, -501205924)
(895, 21, 1883655405)
(895, 26, -416585082)
(895, 59, 621365047)
(895, 72, -1174748317)
(895, 103, 1241814868)
(895, 136, -78780346)
(895, 158, -1956564347)
(895, 187, -2075857448)
(895, 198, -1747732181)
(895, 253, 1664593512)
(895, 299, -1253001040)
(895, 355, 1880623895)
(895, 374, 1782724663)
(895, 449, -974496034)
(895, 460, -1715243971)
(895, 465, -1154212332)
(895, 483, -1921529964)
(895, 493, -172312140)
(895, 576, 1368132755)
(895, 653, -54936181)
(895, 670, 1847671657)
(895, 673, 998345606)
(895, 681, -524548127)
(895, 785, -518224853)
(895, 879, 597599382)
(895, 889, 1115070162)
(895, 916, 721154763)
(895, 1017, -1734454434)
(895, 1020, 211217549)
(895, 1026, 875895893)
(895, 1091, 303979174)
(895, 1108, 1851967637)
(895, 1125, 1771206674)
(895, 1173, 916266755)
(895, 1422, 1634734377)
(895, 1487, -52282857)
(895, 1503, -1825926500)
(895, 1516, -628800303)
(895, 1578, 790854126)
(895, 1661, -819646358)
(895, 1735, -798541066)
(895, 1744, 1039128180)
(895, 1768, -937982975)
(895, 1829, -1055593459)
(895, 1843, -193242030)
(895, 1887, -480963365)
(895, 1893, 292159229)
(895, 1922, 757089834)
(895, 1935, 1586589991)
(895, 1977, 1990465581)
(895, 2010, 958746796)
(895, 2062, -1007707228)
(895, 2115, 2078192824)
(895, 2116, -1841562322)
(895, 2171, 1802234388)
(895, 2220, 1186055752)
(895, 2223, 113406295)
(895, 2272, -938908331)
(895, 2333, 1182957200)
(895, 2372, 1132428858)
(895, 2427, -1313798347)
(895, 2431, 2010386586)
(895, 2446, 1102154732)
(895, 2468, -1892992570)
(895, 2552, -1413972769)
(895, 2579, 635749492)
(895, 2592, -512879929)
(895, 2600, -1097832829)
(895, 2611, -149758974)
(895, 2663, -1226087705)
(895, 2789, -1485188840)
(895, 2894, -1064433950)
(895, 2914, -1189586718)
(895, 2920, -271930723)
(895, 2935, 2089292876)
(895, 2977, 2142325980)
(895, 3018, -762872777)
(895, 3019, 843580196)
(895, 3042, 100655189)
(895, 3078, -750830004)
(895, 3100, -1496157463)
(895, 3115, 1404970718)
(895, 3143, -2042222746)
(895, 3167, -1671988202)
(895, 3175, 343428761)
(895, 3192, 1054694467)
(895, 3222, -1554704084)
(895, 3229, -792536211)
(895, 3230, 500042301)
(895, 3239, 2110496466)
(895, 3249, -401808096)
(895, 3309, -1073841935)
(895, 3446, -1218123048)
(895, 3469, -596831376)
(895, 3496, -715586975)
(895, 3519, -71516254)
(895, 3568, -1558364464)
(895, 3610, 211315409)
(895, 3620, -1946683757)
(895, 3626, 1673975308)
(895, 3655, -2036999466)
(898, 14, 344328694)
(898, 50, -1883302142)
(898, 73, -952778448)
(898, 77, -452102322)
(898, 85, -1258876229)
(898, 87, 671633911)
(898, 88, 1455663704)
(898, 99, -102488345)
(898, 103, 1724800883)
(898, 115, -1024446395)
(898, 137, -1780459879)
(898, 154, 201219975)
(898, 179, -1843025117)
(898, 283, -719792199)
(898, 344, -502909118)
(898, 360, 569226324)
(898, 383, 1913779978)
(898, 396, 1326467248)
(898, 477, -1704140481)
(898, 479, 1802706506)
(898, 490, 1078767544)
(898, 537, -1691862671)
(898, 538, -190000114)
(898, 615, 1226291146)
(898, 635, -1475692941)
(898, 664, 266311061)
(898, 778, 579048266)
(898, 852, -1808495897)
(898, 874, -401994669)
(898, 886, -1403324740)
(898, 892, -1227108465)
(898, 923, 565212162)
(898, 946, -893753525)
(898, 1064, 943436901)
(898, 1074, -683263926)
(898, 1106, -2013209763)
(898, 1120, 296131276)
(898, 1131, 1221259475)
(898, 1133, -1686029848)
(898, 1140, 1596369721)
(898, 1150, 346554761)
(898, 1227, 267509084)
(898, 1238, 1771828644)
(898, 1239, -324686931)
(898, 1265, 454706818)
(898, 1273, -2120830455)
(898, 1295, -1373606405)
(898, 1363, 888254699)
(898, 1433, 1907189566)
(898, 1487, -934506895)
(898, 1552, 778898805)
(898, 1581, -78666795)
(898, 1590, -370807538)
(898, 1644, 1441859516)
(898, 1704, 336856733)
(898, 1765, -2089197931)
(898, 1770, -1617729774)
(898, 1774, -1639741040)
(898, 1800, 2016563119)
(898, 1819, 618331469)
(898, 1864, 1085787773)
(898, 1914, -1974330952)
(898, 1953, -1378101309)
(898, 1976, 1903482444)
(898, 1998, 1787963884)
(898, 2030, -757783578)
(898, 2044, 23881842)
(898, 2082, -1542789610)
(898, 2097, 857603569)
(898, 2130, 1646494738)
(898, 2200, 297437722)
(898, 2210, 1179964856)
(898, 2261, 1006417818)
(898, 2312, -1915150636)
(898, 2321, 1470689512)
(898, 2379, 2069502340)
(898, 2409, 1571862243)
(898, 2427, 212677025)
(898, 2451, 682632994)
(898, 2460, 2074534959)
(898, 2469, -1086417183)
(898, 2520, 1655337337)
(898, 2588, -1162076644)
(898, 2603, -1065830937)
(898, 2628, -1260231579)
(898, 2631, 1851439434)
(898, 2637, 1603990693)
(898, 2640, -1756500633)
(898, 2650, -10104721)
(898, 2682, -929059640)
(898, 2698, -1705535403)
(898, 2730, 1277732463)
(898, 2739, 1827468796)
(898, 2755, 1794177852)
(898, 2765, -1639630378)
(898, 2818, 1024731524)
(898, 2819, 374444167)
(898, 3040, -1597999339)
(898, 3072, 1702546137)
(898, 3078, -1004421977)
(898, 3184, -1662732463)
(898, 3202, -1618455686)
(898, 3237, -1673479779)
(898, 3249, 1963718400)
(898, 3275, 79353318)
(898, 3358, 284093853)
(898, 3394, -71177982)
(898, 3411, 2141921756)
(898, 3484, -523652169)
(898, 3495, -278966235)
(898, 3518, 2002424431)
(898, 3548, 552891272)
(898, 3584, -305185184)
(911, 44, 469922153)
(911, 48, 1662348109)
(911, 108, -1459654495)
(911, 130, 75889660)
(911, 138, 2106946992)
(911, 164, -1044257712)
(911, 175, -1405911224)
(911, 226, 1761017096)
(911, 278, 1193785212)
(911, 280, 916201582)
(911, 284, -727204342)
(911, 292, -957237829)
(911, 321, -1179315551)
(911, 324, -2077349056)
(911, 355, -1392617853)
(911, 377, -333814555)
(911, 543, -1259915659)
(911, 586, 11418092)
(911, 612, 1485388359)
(911, 658, -606859514)
(911, 714, 676319056)
(911, 740, 1551499506)
(911, 743, 1199002884)
(911, 746, -387000166)
(911, 771, -923737396)
(911, 902, 683598060)
(911, 938, 1455222829)
(911, 1026, 1300222886)
(911, 1078, 1299315103)
(911, 1095, -896316944)
(911, 1133, -1212634925)
(911, 1136, 1908747453)
(911, 1192, 873034297)
(911, 1204, -1014054500)
(911, 1224, 497842576)
(911, 1280, 1828458002)
(911, 1284, 1283125674)
(911, 1285, -759888179)
(911, 1289, 412325978)
(911, 1318, 1330127335)
(911, 1321, 1990050924)
(911, 1368, -1683919804)
(911, 1429, -111427846)
(911, 1432, 220027678)
(911, 1436, -195469706)
(911, 1514, -1635406168)
(911, 1530, 1134949811)
(911, 1531, 1519994468)
(911, 1556, -1009249879)
(911, 1559, -622840479)
(911, 1593, -389282412)
(911, 1603, 195730781)
(911, 1612, -804288828)
(911, 1621, 910940030)
(911, 1638, -695942753)
(911, 1670, 1553330470)
(911, 1684, 787003452)
(911, 1706, 2132093061)
(911, 1726, 2110700205)
(911, 1751, -180873901)
(911, 1753, -13444859)
(911, 1803, -89822427)
(911, 1806, -483490072)
(911, 1821, 14392359)
(911, 1854, -1776423)
(911, 1857, 975891648)
(911, 1881, -1409265242)
(911, 1899, 649644209)
(911, 1902, 440307894)
(911, 1986, 643383153)
(911, 1998, -985327627)
(911, 2032, -1834785186)
(911, 2040, -1864816369)
(911, 2056, 1298076545)
(911, 2064, -1668120170)
(911, 2074, 2025538577)
(911, 2079, -748682079)
(911, 2136, 986388714)
(911, 2157, -295043269)
(911, 2186, 1559307471)
(911, 2228, 1176766283)
(911, 2231, -2106556579)
(911, 2232, 897464441)
(911, 2237, -1756648644)
(911, 2253, 190401730)
(911, 2257, -241628366)
(911, 2270, 211048355)
(911, 2304, 1655638136)
(911, 2317, -1840752282)
(911, 2350, -22166486)
(911, 2403, 1028624787)
(911, 2405, 1404802771)
(911, 2426, -2126027843)
(911, 2495, -1075362584)
(911, 2509, 1106317655)
(911, 2647, 1076818998)
(911, 2726, 1833738323)
(911, 2753, 1996848839)
(911, 2811, 706598650)
(911, 2841, 1259195389)
(911, 2874, 1529380835)
(911, 2927, 1990998341)
(911, 2928, 1783405957)
(911, 2945, 1066058009)
(911, 3011, 1426001105)
(911, 3045, 1144448377)
(911, 3087, 1610137518)
(911, 3091, -70461593)
(911, 3100, -515069287)
(911, 3117, -151305586)
(911, 3129, 250484304)
(911, 3145, 629914927)
(911, 3283, -931876092)
(911, 3315, -793590937)
(911, 3321, -827717268)
(911, 3353, 205457355)
(911, 3356, 1094660895)
(911, 3392, -1625026870)
(911, 3414, 183879800)
(911, 3485, -1115345126)
(911, 3523, -430363611)
(911, 3545, 176041288)
(911, 3592, 650221204)
(911, 3602, -366481246)
(911, 3617, 1135056227)
(911, 3641, -1050812666)
(914, 27, -1945709676)
(914, 34, 776801011)
(914, 120, -1350693239)
(914, 144, -1028896320)
(914, 204, -1785035022)
(914, 240, -383385524)
(914, 296, 1356771585)
(914, 297, 1423229467)
(914, 384, -30089381)
(914, 390, 1790668538)
(914, 400, 623232003)
(914, 419, -1791156231)
(914, 432, 529227548)
(914, 486, -185593317)
(914, 497, 1773647499)
(914, 515, 1924105060)
(914, 520, -1098384532)
(914, 531, 1372271236)
(914, 568, -1932258741)
(914, 690, 1862687923)
(914, 706, -573370019)
(914, 713, -621120207)
(914, 776, 1762429506)
(914, 787, 1973079847)
(914, 788, 1170754074)
(914, 816, -166969365)
(914, 824, 1668907853)
(914, 882, 515204654)
(914, 902, -20260146)
(914, 915, -1649941163)
(914, 1002, -1424857980)
(914, 1031, 1175676576)
(914, 1060, -170628799)
(914, 1061, 921744286)
(914, 1100, 953535645)
(914, 1110, -1795268659)
(914, 1130, 1112151371)
(914, 1164, 1656653908)
(914, 1180, -1570918373)
(914, 1215, 489010193)
(914, 1225, 678150797)
(914, 1240, 1969761940)
(914, 1264, -1536403988)
(914, 1287, 1408621532)
(914, 1368, 1757665240)
(914, 1410, -300614972)
(914, 1413, -1825584181)
(914, 1437, -2070291139)
(914, 1439, 312258980)
(914, 1462, -1556908526)
(914, 1493, -1732490617)
(914, 1506, 920233332)
(914, 1526, 852849146)
(914, 1536, 920890462)
(914, 1600, -822459705)
(914, 1620, -2043880641)
(914, 1647, 1574546554)
(914, 1779, -286121848)
(914, 1781, 446303140)
(914, 1789, 231392481)
(914, 1876, 680085836)
(914, 1957, 1114040579)
(914, 1961, -669344075)
(914, 1971, 532111063)
(914, 1973, 309744511)
(914, 2002, -2052609474)
(914, 2024, -880404615)
(914, 2026, 1975502454)
(914, 2090, -1777719496)
(914, 2121, 1839706977)
(914, 2150, 1525644509)
(914, 2154, -750764758)
(914, 2231, -2089389083)
(914, 2253, 140808436)
(914, 2360, 1970370543)
(914, 2362, -1483818712)
(914, 2407, 1896683409)
(914, 2409, 1943960813)
(914, 2420, -175525243)
(914, 2454, 62446443)
(914, 2474, 1288720475)
(914, 2587, -618579637)
(914, 2661, 1745230067)
(914, 2705, -117616352)
(914, 2719, 1403323211)
(914, 2828, 526790138)
(914, 2903, -1587969154)
(914, 2919, -234367373)
(914, 2966, -140349551)
(914, 3018, -625542629)
(914, 3048, 440332352)
(914, 3230, -465283793)
(914, 3281, 850491757)
(914, 3285, 261916672)
(914, 3292, 1242709121)
(914, 3364, 230964533)
(914, 3369, 1806182688)
(914, 3388, 1891980063)
(914, 3417, 963730227)
(914, 3443, 1731061003)
(914, 3502, 919479824)
(914, 3605, 1430394825)
(914, 3628, 1699984237)
(914, 3640, 1220756096)
(922, 135, 782874453)
(922, 179, -936423042)
(922, 185, 767081557)
(922, 188, -1065751704)
(922, 211, -1955317286)
(922, 212, 1801048849)
(922, 216, 403126197)
(922, 265, 161883182)
(922, 285, 1743542211)
(922, 334, 618887644)
(922, 371, -130686398)
(922, 410, -1294558609)
(922, 583, 932153787)
(922, 586, 1442851319)
(922, 587, -201413120)
(922, 618, -1144073039)
(922, 636, 1024423694)
(922, 653, -1925740396)
(922, 707, 168670315)
(922, 738, -2042894260)
(922, 753, 1073003630)
(922, 845, -1962039394)
(922, 849, -1597134377)
(922, 870, -1873485820)
(922, 874, 649569242)
(922, 903, 1913745590)
(922, 918, -755867729)
(922, 1052, -732548806)
(922, 1121, -828892371)
(922, 1138, -533344178)
(922, 1205, -1845003369)
(922, 1231, 1161442455)
(922, 1343, -612284225)
(922, 1398, -1372866188)
(922, 1420, -951655565)
(922, 1480, -1052295853)
(922, 1520, -1528519420)
(922, 1535, -1355036898)
(922, 1543, 36563209)
(922, 1595, -1337031739)
(922, 1606, -2014015432)
(922, 1633, -1525033289)
(922, 1637, 1776994761)
(922, 1670, -1658090062)
(922, 1684, -991338330)
(922, 1701, -2013254011)
(922, 1728, -1505398856)
(922, 1834, 600325521)
(922, 1850, -1014604392)
(922, 1852, 1127121625)
(922, 1863, 301129623)
(922, 1893, 1349479680)
(922, 1921, -985269683)
(922, 1931, -2133823376)
(922, 1949, 1503536921)
(922, 1952, -1727032997)
(922, 1986, -1150206551)
(922, 2011, -347200286)
(922, 2023, 467397336)
(922, 2071, -890305549)
(922, 2082, -856525440)
(922, 2134, -95893253)
(922, 2194, -649514683)
(922, 2206, 2074017075)
(922, 2262, -725031994)
(922, 2270, 365567995)
(922, 2312, -353813584)
(922, 2360, -1889512540)
(922, 2375, 127016368)
(922, 2393, 1334423190)
(922, 2409, 1945963390)
(922, 2411, 1481884362)
(922, 2436, 494743889)
(922, 2453, 1377300944)
(922, 2526, 1040881098)
(922, 2548, 899543225)
(922, 2550, -1953169203)
(922, 2595, 1112804211)
(922, 2599, 122122053)
(922, 2614, 1708715103)
(922, 2620, 1766935503)
(922, 2637, -1432815186)
(922, 2650, 1006071905)
(922, 2659, -706908939)
(922, 2666, 1806139411)
(922, 2667, 761656590)
(922, 2671, -792112910)
(922, 2742, 1251018455)
(922, 2767, 726315423)
(922, 2780, -305962096)
(922, 2832, 1782880960)
(922, 2898, 656866635)
(922, 2921, 1367859650)
(922, 2960, -1596478302)
(922, 2992, -704012744)
(922, 3010, 1671715853)
(922, 3029, -1470133757)
(922, 3057, -705501754)
(922, 3146, -866414283)
(922, 3179, -165494833)
(922, 3222, -1200034107)
(922, 3229, 572068922)
(922, 3286, -2139272002)
(922, 3288, -1857202388)
(922, 3301, -1635989226)
(922, 3306, 2018723503)
(922, 3349, -138617470)
(922, 3362, -145581115)
(922, 3438, 1777560552)
(922, 3457, 1071757377)
(922, 3496, -1893841873)
(922, 3500, 1031101381)
(922, 3616, -572529610)
(922, 3656, -622329802)
(948, 84, 1932441747)
(948, 97, -482679801)
(948, 136, -580020020)
(948, 144, -1461547124)
(948, 153, 1152820897)
(948, 162, 1986642848)
(948, 179, 351691717)
(948, 187, 1470769552)
(948, 220, -1994372308)
(948, 233, -1774342200)
(948, 237, 643561884)
(948, 288, 704901478)
(948, 300, 394053407)
(948, 352, 2065192946)
(948, 403, -860758159)
(948, 469, -1673916681)
(948, 475, -2120971140)
(948, 479, -606849961)
(948, 582, -815046787)
(948, 608, -1309524949)
(948, 624, 1946783174)
(948, 679, -241350143)
(948, 691, -134603137)
(948, 699, 1678502010)
(948, 716, -1612649022)
(948, 722, -240807320)
(948, 792, 579011546)
(948, 799, 700850257)
(948, 831, 1043466506)
(948, 868, -1794987716)
(948, 875, 1361409675)
(948, 885, 639189748)
(948, 941, 977484340)
(948, 950, -955419696)
(948, 997, -1505808161)
(948, 1098, -629718251)
(948, 1161, -1836419361)
(948, 1184, 1076632660)
(948, 1215, 498613291)
(948, 1230, 1427059805)
(948, 1242, 2082980642)
(948, 1246, 801545509)
(948, 1262, -802240094)
(948, 1264, -1668591384)
(948, 1295, -1852750142)
(948, 1330, 1927931520)
(948, 1361, 801542524)
(948, 1421, 1507866455)
(948, 1468, 504121764)
(948, 1482, 636871036)
(948, 1553, 1869940737)
(948, 1554, 1172031538)
(948, 1649, -295725541)
(948, 1815, 529482)
(948, 1817, 1622010471)
(948, 1840, -177847161)
(948, 1988, 1922897169)
(948, 2006, 1154549924)
(948, 2054, 1226528044)
(948, 2075, -1713200651)
(948, 2081, -783550557)
(948, 2095, 750705402)
(948, 2111, 1149525087)
(948, 2158, -2034620062)
(948, 2176, 1115580562)
(948, 2208, 1102766888)
(948, 2249, -1629664855)
(948, 2277, -2044880254)
(948, 2358, 523387209)
(948, 2474, 278336841)
(948, 2504, -518332434)
(948, 2538, 1996757930)
(948, 2584, 1946665349)
(948, 2592, -1826076857)
(948, 2667, 293866340)
(948, 2702, 421748951)
(948, 2811, 1419866864)
(948, 2846, -1833681648)
(948, 2848, 604281150)
(948, 2892, 2073633653)
(948, 2905, 1293988952)
(948, 2959, -291659192)
(948, 2963, 1779025422)
(948, 2976, 1374150979)
(948, 3000, 124279133)
(948, 3009, -882587622)
(948, 3015, 1909800399)
(948, 3058, -29673897)
(948, 3064, 1513231087)
(948, 3093, 448146733)
(948, 3107, -1763107917)
(948, 3113, 1443389205)
(948, 3141, -1424667865)
(948, 3198, 1559027190)
(948, 3209, -2104850083)
(948, 3228, 1207055882)
(948, 3241, 20345004)
(948, 3349, -1819768422)
(948, 3392, -1125950957)
(948, 3410, -987441456)
(948, 3468, 1290702811)
(948, 3501, 15322007)
(948, 3505, 1315806261)
(948, 3521, 217368196)
(948, 3531, -1972519472)
(948, 3547, 1739720350)
(948, 3622, -1651010642)
(948, 3639, 1571148706)
(948, 3642, 916730240)
(948, 3654, 195686402)
(1019, 16, 592838197)
(1019, 91, 1028969292)
(1019, 167, 754240048)
(1019, 170, 132328005)
(1019, 201, 993375603)
(1019, 214, 118322154)
(1019, 237, 1245613066)
(1019, 281, -233837711)
(1019, 304, -1121168571)
(1019, 318, -1733015712)
(1019, 335, 510196466)
(1019, 349, 1662281474)
(1019, 351, -1415906238)
(1019, 353, 1103396995)
(1019, 428, 2082968669)
(1019, 442, 703749555)
(1019, 451, -868234502)
(1019, 485, -731628773)
(1019, 498, -1639964058)
(1019, 571, 1200946119)
(1019, 604, 1973759973)
(1019, 637, -419072749)
(1019, 649, 1124006188)
(1019, 655, 988751550)
(1019, 706, 1681596390)
(1019, 746, -927672821)
(1019, 766, 969775870)
(1019, 779, 1853736091)
(1019, 814, 966851842)
(1019, 883, -1454334128)
(1019, 911, 319135705)
(1019, 916, 1982493746)
(1019, 973, 1995306736)
(1019, 1015, 155689958)
(1019, 1022, 1142439903)
(1019, 1036, 144055293)
(1019, 1044, -1337620722)
(1019, 1058, 1525146710)
(1019, 1079, 564113849)
(1019, 1082, -2776153)
(1019, 1099, -386900898)
(1019, 1104, 443174872)
(1019, 1117, 1000335108)
(1019, 1155, -189118777)
(1019, 1156, 1177250001)
(1019, 1188, 272995860)
(1019, 1191, 495135031)
(1019, 1240, 851512274)
(1019, 1264, 787322214)
(1019, 1295, 2098855937)
(1019, 1305, -1678957533)
(1019, 1355, -604928788)
(1019, 1386, 133990788)
(1019, 1402, -264790924)
(1019, 1422, -119955919)
(1019, 1514, -680317698)
(1019, 1576, 178314903)
(1019, 1640, 814876634)
(1019, 1644, -1852812873)
(1019, 1657, -1042271565)
(1019, 1692, -201980545)
(1019, 1702, -1389481807)
(1019, 1713, 1565209589)
(1019, 1762, 1585628497)
(1019, 1789, -566757537)
(1019, 1811, 850154134)
(1019, 1813, -294340401)
(1019, 1836, 1224591185)
(1019, 1861, -1257846401)
(1019, 1916, 848681575)
(1019, 1925, 531078579)
(1019, 2152, -1840153847)
(1019, 2161, 126164795)
(1019, 2182, -1638419774)
(1019, 2194, 937536430)
(1019, 2200, -167593216)
(1019, 2294, -1472887153)
(1019, 2325, 787884823)
(1019, 2333, -1791962353)
(1019, 2365, -623732921)
(1019, 2373, 438432679)
(1019, 2387, -229754622)
(1019, 2429, 1733309233)
(1019, 2500, -1206770359)
(1019, 2511, -1093397059)
(1019, 2519, 1014550823)
(1019, 2550, 186138592)
(1019, 2559, -540624764)
(1019, 2600, -1919337363)
(1019, 2644, 1622866567)
(1019, 2652, 1796729223)
(1019, 2747, 1163993816)
(1019, 2780, -360781035)
(1019, 2801, -1083164601)
(1019, 2806, -867149748)
(1019, 2816, 971276681)
(1019, 2830, 1813330411)
(1019, 2975, -1281525070)
(1019, 2980, -1250550429)
(1019, 3023, -1613319311)
(1019, 3029, 1000792241)
(1019, 3035, -1215006790)
(1019, 3059, -1093114323)
(1019, 3063, 1604500630)
(1019, 3093, 1634808364)
(1019, 3098, -430872015)
(1019, 3101, -263143926)
(1019, 3119, 1563270144)
(1019, 3165, 1834351299)
(1019, 3176, 1892334297)
(1019, 3236, 1045094474)
(1019, 3261, -283339135)
(1019, 3309, 821577086)
(1019, 3316, -717298018)
(1019, 3323, 955897387)
(1019, 3355, 1627334231)
(1019, 3424, -794031703)
(1019, 3469, -871106979)
(1019, 3501, -556179748)
(1019, 3508, 206183836)
(1019, 3549, -1207616690)
(1019, 3587, -112340068)
(1019, 3599, -717596032)
(1021, 2, 1170907660)
(1021, 34, 618469655)
(1021, 45, -1433538353)
(1021, 109, 644994865)
(1021, 123, -1622593829)
(1021, 145, -1348152293)
(1021, 193, 2040149882)
(1021, 245, 1325814837)
(1021, 374, 1989058052)
(1021, 415, 214746681)
(1021, 430, -1044486627)
(1021, 436, 1072566559)
(1021, 631, 299314528)
(1021, 673, -758725310)
(1021, 712, 250334257)
(1021, 764, 338387985)
(1021, 811, -673458673)
(1021, 842, 888842659)
(1021, 859, -1349604179)
(1021, 950, -545350320)
(1021, 1023, 642685929)
(1021, 1035, 272248968)
(1021, 1079, 1305481532)
(1021, 1100, -1585128463)
(1021, 1150, 632269250)
(1021, 1162, -971484838)
(1021, 1226, -579479653)
(1021, 1235, -298015202)
(1021, 1294, 1441688400)
(1021, 1299, 1578184837)
(1021, 1340, -1337203556)
(1021, 1406, 820747944)
(1021, 1411, 1962642271)
(1021, 1438, 1592417214)
(1021, 1443, -738501901)
(1021, 1482, 1363734184)
(1021, 1505, 1517659124)
(1021, 1538, 1266371799)
(1021, 1634, 1162511383)
(1021, 1646, 2004606244)
(1021, 1684, 1693544)
(1021, 1701, 254604299)
(1021, 1767, 393812597)
(1021, 1844, 431061087)
(1021, 1862, 34640022)
(1021, 1930, -613230017)
(1021, 1934, -190415010)
(1021, 1947, 1323787429)
(1021, 1986, 435786262)
(1021, 2011, 425871864)
(1021, 2061, -1814079356)
(1021, 2188, -751515058)
(1021, 2264, -618444701)
(1021, 2306, 422663389)
(1021, 2345, 1919803130)
(1021, 2437, -977016021)
(1021, 2490, -1525748762)
(1021, 2523, -883376585)
(1021, 2554, 1639891073)
(1021, 2580, 1360594440)
(1021, 2643, 1426124078)
(1021, 2678, -8975767)
(1021, 2681, 1859390625)
(1021, 2688, -918369693)
(1021, 2691, -679642829)
(1021, 2695, -142853860)
(1021, 2705, 254413703)
(1021, 2711, 1602890118)
(1021, 2752, -1201870990)
(1021, 2789, 1601761511)
(1021, 2792, 1903689283)
(1021, 2833, 20050418)
(1021, 2836, 305801417)
(1021, 2846, -1326156080)
(1021, 2900, -1707505900)
(1021, 2938, 1760830757)
(1021, 2963, 1233571098)
(1021, 3004, -505694704)
(1021, 3046, -672574077)
(1021, 3048, 1528169982)
(1021, 3137, 716736668)
(1021, 3164, -1561723651)
(1021, 3179, 668029970)
(1021, 3247, -1305778482)
(1021, 3248, -920176460)
(1021, 3265, -1178606026)
(1021, 3296, -1185844747)
(1021, 3350, 1321180931)
(1021, 3435, 2012417488)
(1021, 3444, -503225387)
(1021, 3455, 1231802024)
(1021, 3461, -1555350415)
(1021, 3587, -146218495)
(1021, 3606, -1370300726)
(1021, 3611, 1442166857)
(1025, 20, 1233821241)
(1025, 102, -1266359989)
(1025, 140, -484357911)
(1025, 184, -282928784)
(1025, 275, -1980961655)
(1025, 299, 828156237)
(1025, 303, -776764313)
(1025, 311, -2109120102)
(1025, 321, -1220084626)
(1025, 327, 991196236)
(1025, 390, -1851533387)
(1025, 400, 283553726)
(1025, 414, 785632722)
(1025, 435, -1020422247)
(1025, 442, 598328480)
(1025, 457, -906540488)
(1025, 612, 995669861)
(1025, 756, -2025913690)
(1025, 767, -554699310)
(1025, 770, -2141616530)
(1025, 798, 4527308)
(1025, 812, -1449517848)
(1025, 844, -796184144)
(1025, 848, 1598308846)
(1025, 873, 1728024074)
(1025, 914, -522529831)
(1025, 927, 447075767)
(1025, 932, 2139031314)
(1025, 973, -1428972080)
(1025, 989, -1280456615)
(1025, 1026, 576927494)
(1025, 1066, -605950517)
(1025, 1106, 2022401495)
(1025, 1117, -72934217)
(1025, 1266, 981864172)
(1025, 1272, 1449309952)
(1025, 1380, -1469448291)
(1025, 1401, -537349390)
(1025, 1563, 1944047152)
(1025, 1580, -1612521761)
(1025, 1611, 848528197)
(1025, 1615, -719681180)
(1025, 1681, 1145882453)
(1025, 1777, 334950890)
(1025, 1824, 1624897172)
(1025, 1909, -170520988)
(1025, 1916, -1175007935)
(1025, 1934, 2052247716)
(1025, 1943, 1512048428)
(1025, 1969, 1197988454)
(1025, 1979, -2108389535)
(1025, 2037, -1048208555)
(1025, 2059, 504400305)
(1025, 2086, -783877304)
(1025, 2116, -1005357984)
(1025, 2140, 1538716752)
(1025, 2148, -1478951419)
(1025, 2161, 1908220295)
(1025, 2167, 1074860848)
(1025, 2208, -1770024095)
(1025, 2215, -428639637)
(1025, 2225, -133967167)
(1025, 2268, 854848068)
(1025, 2282, 767346063)
(1025, 2311, -957172977)
(1025, 2312, 1282500864)
(1025, 2322, -102329561)
(1025, 2366, -1515743306)
(1025, 2380, -166907264)
(1025, 2414, -942545761)
(1025, 2448, 933650703)
(1025, 2449, 1366233891)
(1025, 2504, -619999830)
(1025, 2508, -269482655)
(1025, 2564, 1637969471)
(1025, 2589, -2064362484)
(1025, 2613, -722304153)
(1025, 2618, -1494904983)
(1025, 2685, -27945340)
(1025, 2777, -574693633)
(1025, 2937, 1837395965)
(1025, 2939, -1521819948)
(1025, 2966, -413853467)
(1025, 3007, -490226866)
(1025, 3018, -586813914)
(1025, 3028, 425801536)
(1025, 3037, 1050998181)
(1025, 3062, 1946553635)
(1025, 3115, -702825317)
(1025, 3149, -856999792)
(1025, 3171, 1008525694)
(1025, 3183, -363631299)
(1025, 3205, -783980492)
(1025, 3284, -1495570482)
(1025, 3292, -2109466915)
(1025, 3314, -1205466793)
(1025, 3317, 1453323265)
(1025, 3353, 682527792)
(1025, 3359, 1545600622)
(1025, 3382, 1806701967)
(1025, 3392, -1046010887)
(1025, 3420, -482170201)
(1025, 3423, -1702461899)
(1025, 3464, 1566953889)
(1025, 3477, -1556250836)
(1025, 3479, 2076897976)
(1025, 3492, 77185252)
(1025, 3501, -748578272)
(1025, 3512, 1577906184)
(1025, 3550, 1538166344)
(1025, 3569, -493076056)
(1025, 3599, -1347510179)
(1025, 3651, 1277118837)
(1095, 0, -33812194)
(1095, 24, -1516027984)
(1095, 52, 2118803124)
(1095, 57, 871964631)
(1095, 110, -125828970)
(1095, 152, 1269396153)
(1095, 155, -880090828)
(1095, 170, -671321788)
(1095, 181, 381337525)
(1095, 200, 751866133)
(1095, 258, 1074171296)
(1095, 292, -1134383052)
(1095, 323, -905855275)
(1095, 335, 1545901003)
(1095, 374, -1821233388)
(1095, 425, -162494226)
(1095, 429, -1096255964)
(1095, 470, 34871100)
(1095, 484, -503317363)
(1095, 492, -1115572414)
(1095, 500, 276603375)
(1095, 529, -1913255603)
(1095, 533, 1126932568)
(1095, 674, -810856218)
(1095, 681, -1912797377)
(1095, 693, -1660203690)
(1095, 704, 1839113725)
(1095, 739, -1948526104)
(1095, 777, -422618270)
(1095, 812, 1462103401)
(1095, 823, 391190593)
(1095, 874, -1699965289)
(1095, 887, 658221425)
(1095, 891, -1835384134)
(1095, 896, -828612518)
(1095, 954, -2034546340)
(1095, 1034, 2112112638)
(1095, 1110, 1172342698)
(1095, 1126, 1618448204)
(1095, 1196, 909659954)
(1095, 1217, -1465721230)
(1095, 1230, -1992335772)
(1095, 1312, 483253208)
(1095, 1328, -929630002)
(1095, 1331, 570711010)
(1095, 1350, -1031624674)
(1095, 1389, 1642864631)
(1095, 1392, 662426721)
(1095, 1401, -1837108551)
(1095, 1404, 262469597)
(1095, 1496, 1880986659)
(1095, 1520, -1259564879)
(1095, 1569, -960402205)
(1095, 1574, -267594328)
(1095, 1643, -1898976613)
(1095, 1647, 8591729)
(1095, 1659, 482103654)
(1095, 1857, 900977596)
(1095, 1859, 1124789463)
(1095, 1916, -2014578591)
(1095, 1999, -801363776)
(1095, 2008, -314813104)
(1095, 2021, 351238268)
(1095, 2047, -990551531)
(1095, 2050, 507136560)
(1095, 2062, -588648773)
(1095, 2110, -1805775710)
(1095, 2133, -2103267805)
(1095, 2214, 1479341425)
(1095, 2298, 1060338798)
(1095, 2314, -1144698215)
(1095, 2336, 35950867)
(1095, 2382, -2085658444)
(1095, 2458, -1826809231)
(1095, 2482, 862511528)
(1095, 2523, -13956378)
(1095, 2575, 1709734634)
(1095, 2651, 1770241407)
(1095, 2711, -2097574362)
(1095, 2731, 562518674)
(1095, 2810, -917589413)
(1095, 2892, 1430674957)
(1095, 2896, -1849838378)
(1095, 2961, -217521724)
(1095, 2975, -1369538500)
(1095, 2985, -1766844348)
(1095, 3021, 2003266890)
(1095, 3045, -1276242282)
(1095, 3061, -713441229)
(1095, 3150, -1225137503)
(1095, 3233, -1814717851)
(1095, 3247, 1916680769)
(1095, 3288, 1071692150)
(1095, 3293, 2056946914)
(1095, 3312, -1326135547)
(1095, 3325, -726283538)
(1095, 3439, 799669163)
(1095, 3456, 1730325366)
(1095, 3505, 578741684)
(1095, 3532, -515326664)
(1095, 3561, -917747587)
(1122, 7, 1833798964)
(1122, 37, -515940169)
(1122, 59, 778099069)
(1122, 159, 394041973)
(1122, 171, 530034511)
(1122, 173, 173087824)
(1122, 230, -265318935)
(1122, 236, -74977877)
(1122, 277, 745292979)
(1122, 318, 541264590)
(1122, 321, 205040583)
(1122, 325, 743789669)
(1122, 351, 534077567)
(1122, 358, 1426926494)
(1122, 438, -2139003201)
(1122, 445, -440889296)
(1122, 447, -2803590)
(1122, 463, -250718902)
(1122, 479, -1613365798)
(1122, 546, 1686915434)
(1122, 548, 1465123593)
(1122, 551, 172365676)
(1122, 564, -450565538)
(1122, 698, 1936548268)
(1122, 716, -1771256291)
(1122, 727, -1720584121)
(1122, 745, -1953910505)
(1122, 791, 574456067)
(1122, 799, -703505848)
(1122, 808, -1882389432)
(1122, 901, -1164704961)
(1122, 992, -464376131)
(1122, 1003, 1629604782)
(1122, 1021, 1842986290)
(1122, 1022, 877221293)
(1122, 1045, 264081269)
(1122, 1095, 84019908)
(1122, 1146, -43241438)
(1122, 1170, 423533488)
(1122, 1182, 473510791)
(1122, 1192, 767567448)
(1122, 1197, 1535055883)
(1122, 1294, 1978210411)
(1122, 1366, -645208582)
(1122, 1429, 597843721)
(1122, 1475, 926329022)
(1122, 1488, -1019553014)
(1122, 1501, -1909825076)
(1122, 1514, -459572840)
(1122, 1574, -294348776)
(1122, 1624, -1104296651)
(1122, 1816, -1286916177)
(1122, 1908, 77794205)
(1122, 1976, -778369792)
(1122, 2006, -253777233)
(1122, 2012, 1219333478)
(1122, 2024, -43278999)
(1122, 2129, -410414181)
(1122, 2132, -1534820802)
(1122, 2176, 780679744)
(1122, 2218, -243142689)
(1122, 2231, -1213243086)
(1122, 2258, -976335284)
(1122, 2269, 2101852038)
(1122, 2275, 484406738)
(1122, 2276, -968877563)
(1122, 2297, -505034092)
(1122, 2338, -661466468)
(1122, 2381, 408786047)
(1122, 2399, 1091264813)
(1122, 2458, -546366029)
(1122, 2555, 1120980194)
(1122, 2565, 533854751)
(1122, 2580, -1208658905)
(1122, 2590, -1353315139)
(1122, 2604, -26900806)
(1122, 2634, 546307899)
(1122, 2665, 1728297163)
(1122, 2706, 322654679)
(1122, 2789, -1568275511)
(1122, 2793, 410363944)
(1122, 2794, -1929429104)
(1122, 2801, -1849584750)
(1122, 2834, 796777935)
(1122, 2840, 1023053077)
(1122, 2852, -1902286171)
(1122, 2883, 1443411368)
(1122, 2931, 1808658447)
(1122, 2962, 1239474860)
(1122, 3001, -1847689821)
(1122, 3031, 1352129609)
(1122, 3085, -1380607324)
(1122, 3087, 105509226)
(1122, 3112, 1459135993)
(1122, 3177, -1857270917)
(1122, 3184, -1926597612)
(1122, 3233, -688378975)
(1122, 3255, -502289295)
(1122, 3258, 768585373)
(1122, 3283, -317541479)
(1122, 3326, 152704783)
(1122, 3328, -2074036520)
(1122, 3336, 502424047)
(1122, 3340, 1418059340)
(1122, 3376, -867520175)
(1122, 3433, -1755027148)
(1122, 3459, 2020760317)
(1122, 3479, 1210773699)
(1122, 3544, -288460171)
(1122, 3576, 1357282783)
(1122, 3577, -156529640)
(1122, 3594, 1325075011)
(1122, 3597, 713550300)
(1126, 4, -921667721)
(1126, 19, 1700577422)
(1126, 21, -651523031)
(1126, 114, 188864789)
(1126, 124, 882988899)
(1126, 164, 2146547801)
(1126, 190, -2025877268)
(1126, 201, -444033101)
(1126, 271, -607033967)
(1126, 272, -1029588392)
(1126, 299, -656761141)
(1126, 309, 555452372)
(1126, 369, -2112591227)
(1126, 408, -527985547)
(1126, 505, -1761188177)
(1126, 506, 2096967831)
(1126, 553, 1075951917)
(1126, 647, 874968691)
(1126, 686, 1698707216)
(1126, 734, -996570244)
(1126, 796, -454684787)
(1126, 820, -2085275372)
(1126, 829, -726727245)
(1126, 881, 297131711)
(1126, 921, 687854442)
(1126, 953, 1263651614)
(1126, 1000, -311799421)
(1126, 1041, -1494081366)
(1126, 1079, 1865967306)
(1126, 1087, 442953968)
(1126, 1140, 1322860311)
(1126, 1284, 960177376)
(1126, 1324, 821443362)
(1126, 1337, 137914043)
(1126, 1359, 210538583)
(1126, 1441, 1143455972)
(1126, 1463, -1403560377)
(1126, 1465, 1987008113)
(1126, 1582, 862117776)
(1126, 1618, -568166791)
(1126, 1634, -490158046)
(1126, 1646, 1416128602)
(1126, 1756, 1502185246)
(1126, 1773, -58363131)
(1126, 1790, 1644754176)
(1126, 1804, 1450660876)
(1126, 1826, 2121813598)
(1126, 1835, -753321958)
(1126, 1862, 1923219702)
(1126, 1866, -491462234)
(1126, 1889, 1125458156)
(1126, 2017, -1877453345)
(1126, 2047, 269883853)
(1126, 2075, 1295463424)
(1126, 2114, 907528046)
(1126, 2169, 594328059)
(1126, 2178, 793559085)
(1126, 2189, 1582744227)
(1126, 2320, 1045463780)
(1126, 2339, -2060464430)
(1126, 2343, -1344868474)
(1126, 2348, 927424204)
(1126, 2381, -1540633829)
(1126, 2453, 174526910)
(1126, 2465, -2019266294)
(1126, 2496, 167633247)
(1126, 2525, 213247700)
(1126, 2545, 1754497444)
(1126, 2563, 1664955348)
(1126, 2570, -2085115135)
(1126, 2590, -45337985)
(1126, 2592, 1510362093)
(1126, 2593, 1321787301)
(1126, 2595, -5616262)
(1126, 2599, 1921275283)
(1126, 2609, -1178336375)
(1126, 2612, -1744185479)
(1126, 2661, 721989190)
(1126, 2747, -88119833)
(1126, 2762, -1481708090)
(1126, 2793, -210587146)
(1126, 2810, -1409593134)
(1126, 2867, 785215353)
(1126, 2900, 297991172)
(1126, 2927, -1592634268)
(1126, 2956, 774790254)
(1126, 2962, -1610999517)
(1126, 2969, 1052864695)
(1126, 3169, 1717673989)
(1126, 3199, -1674126912)
(1126, 3205, -612117615)
(1126, 3234, 1099531239)
(1126, 3255, -1399408357)
(1126, 3272, 1432270411)
(1126, 3279, 437652384)
(1126, 3299, -466495317)
(1126, 3316, 627325383)
(1126, 3317, 442370895)
(1126, 3377, -800312272)
(1126, 3439, -1503316739)
(1126, 3453, 622751738)
(1126, 3478, -1099250331)
(1126, 3615, 2107729415)
(1126, 3635, -1861233287)
(1195, 51, -2083732515)
(1195, 73, 1497744450)
(1195, 112, -1087988464)
(1195, 124, 1958070292)
(1195, 167, -944461507)
(1195, 194, -945195824)
(1195, 200, 393457735)
(1195, 205, 179768052)
(1195, 329, 673147696)
(1195, 333, -1836215297)
(1195, 334, 180365319)
(1195, 382, 2065129160)
(1195, 387, -1383193884)
(1195, 484, -1171209559)
(1195, 494, -1519100806)
(1195, 513, -1962970946)
(1195, 535, 1099077892)
(1195, 562, 1569774508)
(1195, 576, -1863972783)
(1195, 604, 69707824)
(1195, 616, -1320579111)
(1195, 630, 301072654)
(1195, 661, 819135328)
(1195, 706, 406327230)
(1195, 716, 1729707723)
(1195, 741, -594673965)
(1195, 813, 1993753140)
(1195, 863, -1161496735)
(1195, 874, 1195086218)
(1195, 883, -981080718)
(1195, 892, 1341664184)
(1195, 912, -1271628225)
(1195, 988, -2125438042)
(1195, 997, 39752197)
(1195, 1016, -144964498)
(1195, 1032, -1923319422)
(1195, 1054, -1864408235)
(1195, 1111, 1985826748)
(1195, 1125, -433566439)
(1195, 1197, 221234962)
(1195, 1201, 1800292561)
(1195, 1211, 1628005643)
(1195, 1251, -847548063)
(1195, 1264, -1933940411)
(1195, 1297, -1692228126)
(1195, 1309, -892209105)
(1195, 1387, -1552586681)
(1195, 1411, 867396186)
(1195, 1426, -729616752)
(1195, 1453, -1894683760)
(1195, 1458, 1958647662)
(1195, 1464, -767306912)
(1195, 1468, 603142090)
(1195, 1497, -575978333)
(1195, 1537, -1787593805)
(1195, 1544, 1115155195)
(1195, 1581, -1893468254)
(1195, 1601, 2013314269)
(1195, 1678, -796934350)
(1195, 1682, -1109864555)
(1195, 1725, -136179383)
(1195, 1754, 715536709)
(1195, 1759, 1957967286)
(1195, 1800, 1527046974)
(1195, 1801, -2116404804)
(1195, 1839, 1327114817)
(1195, 1845, 80381704)
(1195, 1920, -1600335979)
(1195, 1951, 1573784033)
(1195, 1984, -87933516)
(1195, 2067, 814427880)
(1195, 2111, 513735517)
(1195, 2220, 835337376)
(1195, 2237, 1560213460)
(1195, 2281, 1995464371)
(1195, 2300, -1104514659)
(1195, 2352, 1559929250)
(1195, 2362, -1753072911)
(1195, 2369, 740768184)
(1195, 2385, 1769028787)
(1195, 2394, 84179277)
(1195, 2469, -1027704507)
(1195, 2478, -1559610516)
(1195, 2487, -1675768552)
(1195, 2523, -1993232990)
(1195, 2541, 368484876)
(1195, 2586, 1397241238)
(1195, 2610, -1016561032)
(1195, 2614, -1690861524)
(1195, 2721, -775475449)
(1195, 2777, 1715239026)
(1195, 2782, 1596056183)
(1195, 2798, -502823787)
(1195, 2993, 742530966)
(1195, 2998, 1439090945)
(1195, 3009, 1171444981)
(1195, 3039, 1038056295)
(1195, 3071, -1392045744)
(1195, 3093, 397170923)
(1195, 3129, 1226917350)
(1195, 3224, 1561154388)
(1195, 3240, 274820462)
(1195, 3246, 1879495664)
(1195, 3252, 1377816327)
(1195, 3272, 1907728006)
(1195, 3354, -908152666)
(1195, 3396, 898547305)
(1195, 3422, 399845039)
(1195, 3456, 1779978556)
(1195, 3485, -193723360)
(1195, 3515, -10448602)
(1195, 3536, 1142946384)
(1195, 3541, -1038930049)
(1195, 3604, -1171814835)
(1195, 3608, 864567139)
(1195, 3627, 363876542)
(1195, 3639, 1644449526)
(1195, 3644, 471130414)
