rows=3665
cols=1360
(12, 34, -1460651478)
(12, 67, -1830610957)
(12, 137, -2041964128)
(12, 158, 1578792164)
(12, 159, -1359860110)
(12, 166, -967777007)
(12, 225, -524486394)
(12, 258, -350482091)
(12, 291, -330704321)
(12, 437, -177002573)
(12, 454, -1404463447)
(12, 492, 638992906)
(12, 502, -787233003)
(12, 512, 2048707933)
(12, 537, 380676647)
(12, 560, 760796888)
(12, 631, -578590290)
(12, 640, -1897788232)
(12, 687, -198530757)
(12, 774, 1318523019)
(12, 809, -707835455)
(12, 878, 1008186099)
(12, 928, 688832534)
(12, 941, -158438574)
(12, 960, 566397232)
(12, 975, 1419290414)
(12, 991, -1428611695)
(12, 1003, 854306171)
(12, 1022, 434980580)
(12, 1079, -81960583)
(12, 1211, 1260551075)
(12, 1213, 979217419)
(12, 1222, 1882089857)
(12, 1226, -672277417)
(12, 1233, 2090211094)
(12, 1282, -382106765)
(38, 40, -1592816996)
(38, 194, -1895699102)
(38, 261, -442612970)
(38, 281, -1838022091)
(38, 384, -1566990218)
(38, 417, -1143425714)
(38, 470, 611007191)
(38, 488, 1156911648)
(38, 502, 1568335997)
(38, 521, -1160249045)
(38, 549, 148779895)
(38, 624, 919150583)
(38, 634, -986618340)
(38, 635, 425433797)
(38, 682, 1130708697)
(38, 714, 2022430298)
(38, 761, -78014029)
(38, 800, -232775293)
(38, 868, -1621288633)
(38, 882, -2002882882)
(38, 884, 361017774)
(38, 898, -1654957521)
(38, 912, 807251877)
(38, 1043, 566652169)
(38, 1100, 1392472790)
(38, 1103, 28169643)
(38, 1105, -688599120)
(38, 1189, 2115434036)
(38, 1243, 1359789776)
(38, 1313, 177596711)
(38, 1323, -1746119572)
(45, 54, -1932245583)
(45, 57, -1694241824)
(45, 59, 2119724660)
(45, 134, 1824923277)
(45, 152, -1784936545)
(45, 170, -508358347)
(45, 182, -846178298)
(45, 205, -479875748)
(45, 238, 1636053114)
(45, 256, 782759676)
(45, 259, -566219994)
(45, 274, 2085302734)
(45, 281, 1744774215)
(45, 284, -827697122)
(45, 339, -803242536)
(45, 355, -1674136292)
(45, 362, -575998799)
(45, 365, 1903508325)
(45, 388, 1376618034)
(45, 436, 604687829)
(45, 450, -1160408428)
(45, 478, 1604826023)
(45, 560, 1148340674)
(45, 623, 1090600404)
(45, 691, -1295101136)
(45, 740, 777357121)
(45, 767, 2111581489)
(45, 797, 1827303168)
(45, 831, -2114263953)
(45, 838, -1267811292)
(45, 905, -1724617679)
(45, 924, -1613357241)
(45, 975, -600020526)
(45, 1048, -225389818)
(45, 1081, -904771158)
(45, 1093, 898062913)
(45, 1131, -2067930732)
(45, 1248, -718838707)
(45, 1274, -1400622035)
(45, 1295, -1708233323)
(62, 2, -1624096633)
(62, 88, -1953270763)
(62, 107, -1637522920)
(62, 166, 1934300416)
(62, 174, 1803270988)
(62, 212, -1166953506)
(62, 296, 1827916077)
(62, 368, -1796005994)
(62, 424, -1007297545)
(62, 452, -1765347857)
(62, 473, -54754895)
(62, 482, 1971439221)
(62, 484, 1519093618)
(62, 526, 1476538613)
(62, 531, 42146163)
(62, 578, -1428417639)
(62, 598, -403722516)
(62, 620, 984322824)
(62, 702, 1647723153)
(62, 748, 13275800)
(62, 756, -1423481021)
(62, 758, 1575830525)
(62, 847, 2058575216)
(62, 902, -1983172610)
(62, 922, -830904816)
(62, 953, 282501824)
(62, 963, 1842602902)
(62, 1036, -308257333)
(62, 1098, -1946117134)
(62, 1106, 1936878203)
(62, 1164, 511070621)
(62, 1220, -724387220)
(65, 208, 2036169172)
(65, 239, 623200364)
(65, 274, 464623809)
(65, 308, -315305338)
(65, 312, -1084745312)
(65, 332, 1942617159)
(65, 423, -787439138)
(65, 445, 1045219757)
(65, 447, -1974703577)
(65, 532, 812890248)
(65, 538, 153206308)
(65, 584, -793183808)
(65, 595, -930299393)
(65, 652, 1921055376)
(65, 805, 1331954196)
(65, 839, -1158175119)
(65, 862, -292257473)
(65, 887, 926980520)
(65, 935, -1488816598)
(65, 1030, 1307453733)
(65, 1045, -1974373878)
(65, 1053, -804425013)
(65, 1060, 1190981310)
(65, 1072, 375456585)
(65, 1078, -1221934783)
(65, 1079, 429027335)
(65, 1195, 627471483)
(65, 1234, -554763344)
(65, 1236, 58716089)
(65, 1264, -1251905598)
(65, 1267, 889851777)
(65, 1281, -913221792)
(65, 1296, 1733773077)
(65, 1310, 2782799)
(65, 1312, 2146782728)
(65, 1318, -164665953)
(73, 50, -409140863)
(73, 117, -1984116151)
(73, 156, 81098244)
(73, 158, 808810800)
(73, 205, -957423875)
(73, 247, 2133775751)
(73, 310, -1574231089)
(73, 312, -450822362)
(73, 314, -1991010074)
(73, 325, -1192344973)
(73, 326, 768257580)
(73, 327, 189812129)
(73, 343, -1364802095)
(73, 357, -1188844570)
(73, 386, 1417255436)
(73, 434, -1982719325)
(73, 443, -709991966)
(73, 476, -1297502021)
(73, 490, 1218191438)
(73, 607, -17398689)
(73, 669, 2032467897)
(73, 672, -461206379)
(73, 714, 86051768)
(73, 716, -2093184602)
(73, 717, -518300178)
(73, 743, 1261750217)
(73, 770, 546298172)
(73, 824, -1641401975)
(73, 918, 1402666550)
(73, 1028, 650007697)
(73, 1069, 1281568644)
(73, 1092, -1372140626)
(73, 1164, -139919706)
(73, 1173, -1864111844)
(73, 1180, -546965385)
(73, 1184, 1369416268)
(73, 1221, -1361359792)
(73, 1237, -1010967715)
(73, 1324, 1006184731)
(73, 1338, -534261457)
(140, 56, -1273931569)
(140, 141, 780220768)
(140, 177, 1462875786)
(140, 220, -586952265)
(140, 291, 108089719)
(140, 303, -289818281)
(140, 347, 2143638291)
(140, 389, -710128649)
(140, 442, -2108214242)
(140, 507, -514347066)
(140, 525, -1398574758)
(140, 551, 1937940403)
(140, 592, 763065860)
(140, 600, -550757540)
(140, 630, -1127664682)
(140, 705, 962043959)
(140, 759, 931240083)
(140, 773, -1510889376)
(140, 777, 528925657)
(140, 779, -1465684174)
(140, 813, 597504029)
(140, 860, 2091987462)
(140, 886, 1331339147)
(140, 918, -1982330499)
(140, 959, 403215681)
(140, 981, 1757415119)
(140, 993, -962211053)
(140, 1003, -76738196)
(140, 1007, -956814892)
(140, 1047, -872281509)
(140, 1086, -1804708866)
(140, 1197, 1270469289)
(140, 1340, -1682102279)
(140, 1355, 296022940)
(144, 52, -773653733)
(144, 65, 736018916)
(144, 69, -1866198856)
(144, 77, 2109212776)
(144, 157, 1812503799)
(144, 195, -139743887)
(144, 240, -462541318)
(144, 247, -1180963538)
(144, 304, 1715352009)
(144, 334, 196615261)
(144, 339, -215297065)
(144, 346, 1166052117)
(144, 362, 1146942999)
(144, 385, -1262696728)
(144, 394, 855882558)
(144, 424, -51276240)
(144, 433, -1690301517)
(144, 436, 1006723851)
(144, 437, -1467750290)
(144, 475, -1168618190)
(144, 501, 298406652)
(144, 541, -1548971339)
(144, 547, 116175018)
(144, 612, 1793453439)
(144, 674, -1335014308)
(144, 693, -2089546480)
(144, 716, -1270181308)
(144, 828, -1596751529)
(144, 902, -1112482950)
(144, 964, 70576955)
(144, 973, -459440185)
(144, 988, -318356677)
(144, 1006, 1111019805)
(144, 1039, -1615948660)
(144, 1040, 64230299)
(144, 1041, -1633387842)
(144, 1081, 92696493)
(144, 1102, 1751620741)
(144, 1172, -165394057)
(144, 1182, 60584262)
(144, 1191, 195956108)
(144, 1193, 2859580)
(144, 1209, -498692395)
(144, 1224, -1644368431)
(144, 1240, -1017703322)
(144, 1243, -1477159897)
(144, 1251, -724775320)
(144, 1301, 863321844)
(188, 70, -1128911467)
(188, 73, -532171580)
(188, 219, -1858726831)
(188, 223, -516943965)
(188, 247, 1178671506)
(188, 302, -1559311408)
(188, 311, 1752856780)
(188, 344, 1623916020)
(188, 362, 49568862)
(188, 418, 893406508)
(188, 436, 1626440540)
(188, 446, -130008750)
(188, 481, 2006312032)
(188, 489, -1559829808)
(188, 490, 2090913866)
(188, 496, -1093914071)
(188, 502, -85836850)
(188, 538, -1966020789)
(188, 615, 527290474)
(188, 641, -870832292)
(188, 701, 871233701)
(188, 715, -327761363)
(188, 741, -123903869)
(188, 787, -1755024055)
(188, 856, 1178717746)
(188, 857, 219258945)
(188, 909, 453290458)
(188, 940, -2130492774)
(188, 1087, -1759418689)
(188, 1126, -1753820537)
(188, 1173, -2141269297)
(188, 1206, 861378213)
(188, 1236, 1316221129)
(188, 1301, 771382615)
(199, 6, 964618626)
(199, 16, -567971443)
(199, 21, 1530244905)
(199, 82, -1983373115)
(199, 84, 747416802)
(199, 112, -1488293290)
(199, 250, 1968079907)
(199, 254, 1504814915)
(199, 339, 63789750)
(199, 356, 103078620)
(199, 413, -1543519409)
(199, 427, -1257156904)
(199, 435, -393518300)
(199, 501, 1054692499)
(199, 505, -1860367336)
(199, 506, 1965258297)
(199, 536, 1371422063)
(199, 561, -1996969362)
(199, 570, 1934905234)
(199, 581, -1967071330)
(199, 622, 1049870884)
(199, 718, -1863296671)
(199, 774, -1996608133)
(199, 776, -653317241)
(199, 812, -825236876)
(199, 842, -1789322586)
(199, 846, -140776552)
(199, 848, -778479842)
(199, 919, -2082254002)
(199, 1031, -260737656)
(199, 1067, -107771009)
(199, 1109, -716854733)
(199, 1149, -1966945222)
(199, 1178, 2072353013)
(199, 1216, 668477350)
(199, 1254, 1817689904)
(199, 1259, 1215747590)
(199, 1268, 360294655)
(199, 1299, 1569229421)
(199, 1339, -2127137233)
(199, 1349, 432327685)
(251, 20, -117290968)
(251, 96, 962819170)
(251, 123, 405210350)
(251, 143, 1534543691)
(251, 305, -1303421710)
(251, 310, 140336315)
(251, 344, -523432713)
(251, 350, 2049634131)
(251, 374, 1334410920)
(251, 403, -1889003681)
(251, 412, -748876894)
(251, 419, -1460520044)
(251, 474, -1346009123)
(251, 516, -604306707)
(251, 568, -1066104498)
(251, 580, 1572260656)
(251, 604, -1623374146)
(251, 631, -451714508)
(251, 655, 693368306)
(251, 668, -1042892514)
(251, 692, -2039498193)
(251, 708, -191119038)
(251, 729, -2120643456)
(251, 763, -39207730)
(251, 798, 439853788)
(251, 817, -457594050)
(251, 849, -1697320965)
(251, 877, 1241019667)
(251, 961, -1474805998)
(251, 980, -995267570)
(251, 994, 932259293)
(251, 1010, 1965203849)
(251, 1033, 2096238280)
(251, 1046, -1894633033)
(251, 1123, -1726827223)
(251, 1165, 1005162612)
(251, 1167, -19087110)
(251, 1203, -16230044)
(251, 1207, -1895881370)
(251, 1223, 712877960)
(251, 1277, -1564570207)
(251, 1289, 432634992)
(251, 1291, 151633339)
(251, 1293, 1511252174)
(251, 1316, 620733922)
(303, 0, 113342983)
(303, 3, -1045253993)
(303, 7, -1110045634)
(303, 72, -1239324287)
(303, 115, -763275862)
(303, 128, 2092274607)
(303, 144, -1823831720)
(303, 164, -1344001097)
(303, 176, -513293984)
(303, 252, 1920010673)
(303, 276, -1064010483)
(303, 283, 1545133029)
(303, 326, -230011522)
(303, 329, -1582664051)
(303, 399, 886782008)
(303, 524, 491919462)
(303, 629, -1676869459)
(303, 641, -553881014)
(303, 715, 1196914237)
(303, 725, 1690125951)
(303, 750, 1879940370)
(303, 764, 468574061)
(303, 802, 1073527515)
(303, 803, -344188567)
(303, 814, -2065874321)
(303, 816, 1461523370)
(303, 872, -1539240133)
(303, 894, 1253416322)
(303, 913, -1475719942)
(303, 1040, -962087213)
(303, 1042, -418762999)
(303, 1043, 896772193)
(303, 1046, 19121236)
(303, 1081, -1453531539)
(303, 1089, 28743662)
(303, 1152, 1147768365)
(303, 1271, 1201334804)
(303, 1330, 1986430727)
(314, 40, 1937586975)
(314, 42, 1215726866)
(314, 44, -1756061977)
(314, 54, 1037740737)
(314, 59, -80903087)
(314, 153, 1013612172)
(314, 220, 1238762713)
(314, 239, -1687398495)
(314, 336, 1364214704)
(314, 373, 859838372)
(314, 448, 897340746)
(314, 476, -2024891869)
(314, 478, 1312842740)
(314, 546, -1871132863)
(314, 558, -978555689)
(314, 588, 1109498185)
(314, 594, -626169334)
(314, 661, -1074055775)
(314, 666, 736318984)
(314, 690, 1482780571)
(314, 695, 1290352700)
(314, 740, 131616339)
(314, 745, -1400945448)
(314, 747, -764639495)
(314, 832, -470751266)
(314, 876, -1843606713)
(314, 900, 1966232424)
(314, 910, -22878065)
(314, 973, -282608237)
(314, 982, -145591783)
(314, 1023, -821345290)
(314, 1048, 628290210)
(314, 1080, -911943659)
(314, 1112, -249361510)
(314, 1205, 503619678)
(314, 1304, 957771015)
(314, 1326, 1485743601)
(403, 48, -1213269149)
(403, 50, 1507933291)
(403, 107, 915020725)
(403, 192, 1799259906)
(403, 222, 1356392007)
(403, 229, 1567732014)
(403, 332, 257103822)
(403, 364, -1965589204)
(403, 389, -441574098)
(403, 403, -773771290)
(403, 404, 47724225)
(403, 422, -713872318)
(403, 448, 1040174040)
(403, 498, -1139056073)
(403, 507, -1377398137)
(403, 518, -2038001097)
(403, 540, -1742366525)
(403, 566, 11871660)
(403, 572, -1454484090)
(403, 575, -70253217)
(403, 579, -2135733757)
(403, 586, 445154036)
(403, 683, -1901009005)
(403, 716, 675011024)
(403, 722, 94411655)
(403, 784, -2056884823)
(403, 810, 1715615943)
(403, 817, 2026269842)
(403, 841, 551052466)
(403, 844, -63694465)
(403, 879, 1646278685)
(403, 900, -2064498789)
(403, 926, -1031426456)
(403, 959, 721145438)
(403, 961, 1825682333)
(403, 963, 1572318440)
(403, 982, 1662532767)
(403, 1001, -2142498317)
(403, 1153, -1814814000)
(403, 1315, 1711480676)
(435, 23, -1463463083)
(435, 102, -811186456)
(435, 172, -809024653)
(435, 180, 1247484544)
(435, 263, -1393955807)
(435, 279, 805874444)
(435, 334, -1161750010)
(435, 369, 1910832144)
(435, 404, 1072107495)
(435, 431, 1061392885)
(435, 453, 2008389447)
(435, 473, -1480236054)
(435, 543, -697065756)
(435, 560, -35609393)
(435, 607, 661087408)
(435, 610, -295887187)
(435, 617, -2117637314)
(435, 621, 1220390593)
(435, 652, -771539899)
(435, 660, 1476248298)
(435, 681, 1933327019)
(435, 738, -936921003)
(435, 826, -978859588)
(435, 886, -1611826499)
(435, 925, 738538846)
(435, 956, 1159194042)
(435, 970, -444615390)
(435, 1011, 624699194)
(435, 1019, -1635112989)
(435, 1039, 978320677)
(435, 1079, -1079643869)
(435, 1084, 1670770176)
(435, 1086, -443382925)
(435, 1137, -30754432)
(435, 1166, -2063476809)
(435, 1185, 1491059579)
(435, 1203, -956807409)
(435, 1204, 1034303283)
(435, 1247, 226209938)
(435, 1333, 1302920481)
(435, 1358, 68577978)
(483, 2, -257289448)
(483, 32, 1512456817)
(483, 152, -1930729355)
(483, 205, -1865543841)
(483, 218, -1872076362)
(483, 250, -624655670)
(483, 263, -1977620099)
(483, 274, 624704959)
(483, 280, 1429621497)
(483, 319, 1073294908)
(483, 389, 617496520)
(483, 403, -1062679753)
(483, 416, 189333905)
(483, 439, 817939097)
(483, 494, -2092092262)
(483, 551, -102808143)
(483, 555, 1116130006)
(483, 610, 1444635644)
(483, 613, -712208248)
(483, 664, 1991726019)
(483, 694, 260631955)
(483, 760, -1433201672)
(483, 786, -1983523488)
(483, 815, 562595022)
(483, 839, -6579471)
(483, 878, 1620943008)
(483, 966, 1074714818)
(483, 984, -1486596322)
(483, 999, 1652027353)
(483, 1015, 1541328763)
(483, 1057, -982516676)
(483, 1068, -564215675)
(483, 1101, 1820815595)
(483, 1116, -295258584)
(483, 1152, -1945004539)
(483, 1166, 997783448)
(483, 1173, 584828256)
(483, 1232, -1208081081)
(483, 1240, 776965016)
(483, 1245, -772571026)
(483, 1297, -1248170303)
(483, 1310, 67228440)
(483, 1321, -1489702533)
(483, 1325, 165282796)
(483, 1340, 552341651)
(667, 0, 1697070903)
(667, 35, 2120394259)
(667, 51, -1865451683)
(667, 97, -1690526016)
(667, 120, -618966339)
(667, 121, -1068243699)
(667, 186, -1594752449)
(667, 207, -331329098)
(667, 210, -1258625428)
(667, 280, -621514070)
(667, 289, -1324370815)
(667, 313, -1708951944)
(667, 341, -1915969478)
(667, 356, -1440782504)
(667, 409, 30684295)
(667, 426, 236525028)
(667, 436, 1382989684)
(667, 443, 633781469)
(667, 454, 1064599425)
(667, 456, -1628121697)
(667, 472, -602665601)
(667, 519, 1526065512)
(667, 557, -1103726744)
(667, 779, 18738697)
(667, 806, -1373453648)
(667, 837, 1323365731)
(667, 838, 129415040)
(667, 864, 1160588923)
(667, 883, -1869099262)
(667, 895, -920062124)
(667, 911, -130609554)
(667, 915, 519797497)
(667, 959, -97434208)
(667, 980, 2132999620)
(667, 1053, -1065845250)
(667, 1084, -279284644)
(667, 1103, 1411298318)
(667, 1145, 480473655)
(667, 1216, 1293993443)
(667, 1283, 892916841)
(667, 1334, 12255560)
(676, 70, 663887560)
(676, 100, 532069715)
(676, 110, -1125537801)
(676, 139, 209150151)
(676, 275, -1457443710)
(676, 277, -998711721)
(676, 307, -278064295)
(676, 333, 1965210108)
(676, 364, 1626784428)
(676, 416, -2006415686)
(676, 418, 1777174002)
(676, 492, -745342380)
(676, 501, 26928703)
(676, 524, 823824240)
(676, 588, -1650047294)
(676, 618, 1415346481)
(676, 640, -1173512323)
(676, 688, -839349182)
(676, 691, -1106541273)
(676, 714, -1665646236)
(676, 719, -1525115825)
(676, 844, 612611254)
(676, 1041, 1698872098)
(676, 1094, 311076083)
(676, 1154, 1876066082)
(676, 1171, -1237554724)
(676, 1184, 1957425101)
(676, 1226, 187298953)
(676, 1250, -266425095)
(676, 1264, 1462326653)
(713, 11, 531386216)
(713, 32, -380024137)
(713, 93, -1258573536)
(713, 101, -793940518)
(713, 108, -1326038383)
(713, 194, -89398443)
(713, 226, -319879924)
(713, 248, -336840466)
(713, 287, -427219995)
(713, 289, 189764783)
(713, 322, 436097039)
(713, 357, 413808399)
(713, 370, 863845525)
(713, 380, 655718395)
(713, 396, 2017525585)
(713, 441, 2046556872)
(713, 458, -1040768257)
(713, 460, 495011671)
(713, 512, -389971442)
(713, 567, -1242046084)
(713, 580, -1205658670)
(713, 603, -1358413165)
(713, 612, -1342398965)
(713, 664, 426634666)
(713, 694, 478039990)
(713, 737, 1830823840)
(713, 764, 1329137451)
(713, 793, 1292868678)
(713, 818, 136947286)
(713, 822, -1218528042)
(713, 843, -1220474137)
(713, 845, -928230994)
(713, 893, -669916683)
(713, 911, -939048030)
(713, 945, 1014048599)
(713, 956, -1131639822)
(713, 960, 1165703259)
(713, 962, 1846336993)
(713, 970, 581468766)
(713, 1035, 185669344)
(713, 1063, 2138481643)
(713, 1081, 720611947)
(713, 1087, 294003623)
(713, 1134, -169097932)
(713, 1218, -880639247)
(713, 1311, 1452963204)
(717, 70, 753883745)
(717, 86, -1867187927)
(717, 189, 397627650)
(717, 207, -1786378397)
(717, 220, 207757842)
(717, 252, 1010491542)
(717, 261, 471808566)
(717, 297, -945255495)
(717, 348, 59409685)
(717, 349, -519132176)
(717, 361, 1755449227)
(717, 458, 57096686)
(717, 552, 1196206778)
(717, 577, 1933224720)
(717, 585, -1512211575)
(717, 611, 2011765896)
(717, 628, -401962853)
(717, 677, 1096965816)
(717, 696, 1590192562)
(717, 725, -851604028)
(717, 744, -1798552468)
(717, 757, -290615453)
(717, 764, 1050876879)
(717, 765, 486332281)
(717, 799, 234265512)
(717, 835, 2012900667)
(717, 852, 468598566)
(717, 863, 1915467855)
(717, 927, 819403438)
(717, 971, -124428566)
(717, 988, 1531280722)
(717, 1021, -654339069)
(717, 1037, -2032712599)
(717, 1038, 951779811)
(717, 1068, -1076322153)
(717, 1074, -761214380)
(717, 1083, 1892919523)
(717, 1094, 1048278531)
(717, 1114, 971378016)
(717, 1176, -863458934)
(717, 1242, 1160277906)
(717, 1248, 730256963)
(717, 1320, 1050663018)
(780, 32, 337435273)
(780, 40, 28688971)
(780, 140, -1218995274)
(780, 153, 673355232)
(780, 181, -974564850)
(780, 209, -1759192334)
(780, 236, 972729931)
(780, 284, -1750417966)
(780, 301, 2086821175)
(780, 362, 842497935)
(780, 391, 1622896672)
(780, 461, -1375021539)
(780, 462, 132426477)
(780, 498, 1591928177)
(780, 519, -1848316825)
(780, 524, 478759149)
(780, 558, -526189834)
(780, 560, -1207492967)
(780, 676, 1206148465)
(780, 722, 1139597501)
(780, 748, 153147504)
(780, 808, 2071037402)
(780, 810, -503041218)
(780, 845, -218843620)
(780, 880, 248474006)
(780, 885, 1350914531)
(780, 942, 929362168)
(780, 992, 1182745794)
(780, 1009, -1709833226)
(780, 1016, -2111777077)
(780, 1040, 1918877456)
(780, 1041, 475153965)
(780, 1056, 2012393181)
(780, 1112, -1401704449)
(780, 1129, 2029767632)
(780, 1172, 393955741)
(780, 1273, -985614255)
(780, 1277, 2019110771)
(822, 62, 96658286)
(822, 117, 2028673302)
(822, 132, 1919057325)
(822, 151, -1187350130)
(822, 200, -195417875)
(822, 233, 239111650)
(822, 292, 327889263)
(822, 339, -1374175688)
(822, 347, -1058472218)
(822, 348, -999863197)
(822, 362, 1976025945)
(822, 443, -621929060)
(822, 464, -1936158792)
(822, 499, 461983335)
(822, 503, -838954165)
(822, 525, 451804417)
(822, 567, 958286506)
(822, 579, 815555852)
(822, 588, 1657073087)
(822, 599, -1865092310)
(822, 637, -26872840)
(822, 662, -744024332)
(822, 728, 1718530050)
(822, 735, -1084800101)
(822, 752, 1578014599)
(822, 802, 1146869636)
(822, 823, -130898528)
(822, 868, -1036948754)
(822, 875, -784413148)
(822, 919, -1871481974)
(822, 922, -425972055)
(822, 1022, 1544320473)
(822, 1123, -900144467)
(822, 1166, 1028152795)
(822, 1177, 986055648)
(822, 1196, -368397405)
(822, 1227, -329280465)
(822, 1241, 1093137547)
(822, 1294, 1138576896)
(822, 1296, -951752266)
(997, 25, -290324581)
(997, 31, 88677443)
(997, 38, 2099067792)
(997, 49, 757329319)
(997, 62, 364226853)
(997, 77, 556831221)
(997, 101, 1705325253)
(997, 170, -2089343279)
(997, 175, -2098878158)
(997, 183, 1345335274)
(997, 195, 1333610861)
(997, 264, -593820144)
(997, 316, -788718989)
(997, 360, -1650367820)
(997, 389, 290609968)
(997, 410, -1608226916)
(997, 440, 735941326)
(997, 455, 188241652)
(997, 558, 887366710)
(997, 571, 499403940)
(997, 595, -426174437)
(997, 607, -1302829111)
(997, 646, -1767152347)
(997, 650, 2096914166)
(997, 862, -1387261672)
(997, 886, 122696449)
(997, 974, -1327249498)
(997, 981, -1299143920)
(997, 993, -1897209846)
(997, 1012, 1427585987)
(997, 1037, -1098281401)
(997, 1062, -1398524510)
(997, 1086, -461951868)
(997, 1095, 728155560)
(997, 1099, 794761800)
(997, 1132, -1614572564)
(997, 1172, 1748319305)
(997, 1178, -180519934)
(997, 1207, 159696587)
(997, 1286, 1300908928)
(997, 1293, 1511753933)
(997, 1297, -2105152637)
(997, 1306, 1675283522)
(997, 1341, -479068477)
(1035, 67, 1487398289)
(1035, 110, 892248607)
(1035, 112, 474719808)
(1035, 121, 881632920)
(1035, 122, -645517083)
(1035, 160, 431811423)
(1035, 196, -1168734486)
(1035, 215, 777001995)
(1035, 230, 1945031990)
(1035, 263, 1318129091)
(1035, 271, -124448318)
(1035, 295, 1096690689)
(1035, 310, 1323979110)
(1035, 352, -1341895520)
(1035, 364, 1018539538)
(1035, 377, -1861196680)
(1035, 384, -701511173)
(1035, 466, -1725377524)
(1035, 500, -212681845)
(1035, 509, -387921095)
(1035, 548, 537899960)
(1035, 554, -1871458239)
(1035, 607, 364923365)
(1035, 627, -167990143)
(1035, 633, -1831872675)
(1035, 641, 911326581)
(1035, 653, 565780181)
(1035, 677, 712787140)
(1035, 717, -1160633876)
(1035, 745, 1439426406)
(1035, 856, 1012912173)
(1035, 949, 980935158)
(1035, 951, 1373367805)
(1035, 990, -875021727)
(1035, 1001, -1397579625)
(1035, 1038, -790714785)
(1035, 1042, 493561801)
(1035, 1089, -1941280674)
(1035, 1145, -1864402531)
(1035, 1172, 529681747)
(1035, 1184, 1455467305)
(1035, 1190, -2058971706)
(1035, 1201, -1222613032)
(1035, 1203, 731781078)
(1035, 1216, -404083707)
(1035, 1338, 1112794003)
(1035, 1346, -1430119833)
(1065, 33, 1001086460)
(1065, 57, -830269748)
(1065, 68, 1314191249)
(1065, 89, -1063260654)
(1065, 97, -1300082058)
(1065, 133, 2007631642)
(1065, 178, 1948041690)
(1065, 208, -207506904)
(1065, 229, 757584365)
(1065, 241, 1322602431)
(1065, 272, 1393911440)
(1065, 302, -956499698)
(1065, 310, -1800531001)
(1065, 321, -1576347035)
(1065, 328, -223771600)
(1065, 333, 4355244)
(1065, 336, 1386124966)
(1065, 358, -2054106534)
(1065, 415, -1329671116)
(1065, 447, -885615298)
(1065, 481, -626551538)
(1065, 505, 1247465846)
(1065, 539, 195049396)
(1065, 548, 1090312874)
(1065, 552, -899840381)
(1065, 569, -1983455213)
(1065, 570, -44901525)
(1065, 652, -1452914251)
(1065, 661, 1194210268)
(1065, 669, 1330197444)
(1065, 704, 1838100397)
(1065, 709, -1430640509)
(1065, 766, 1393804994)
(1065, 779, -964460864)
(1065, 820, -852977921)
(1065, 857, 637102467)
(1065, 860, -42373300)
(1065, 882, 1952679402)
(1065, 945, -62105292)
(1065, 1097, 981855290)
(1065, 1117, -1548126944)
(1065, 1121, 1052298200)
(1065, 1123, 1231942670)
(1065, 1125, -399925822)
(1065, 1129, -1736620383)
(1065, 1226, 2120659955)
(1065, 1242, -741185187)
(1065, 1246, -1446051192)
(1065, 1286, 1482464111)
(1065, 1325, 1856702485)
(1065, 1347, -1119680400)
(1206, 32, -122499864)
(1206, 37, 321423326)
(1206, 39, 225884406)
(1206, 103, -2085846855)
(1206, 160, 2094776486)
(1206, 218, -2039853133)
(1206, 238, 29093201)
(1206, 251, -1607984708)
(1206, 278, -1898520735)
(1206, 290, -1005571048)
(1206, 291, -154386571)
(1206, 299, -289799326)
(1206, 328, -919079336)
(1206, 441, 546710574)
(1206, 470, 298359031)
(1206, 476, -1796030387)
(1206, 490, -1077152719)
(1206, 515, -150629917)
(1206, 569, -1929484914)
(1206, 572, -58387852)
(1206, 598, -693554306)
(1206, 604, 1761690382)
(1206, 619, 1500287525)
(1206, 674, -1994222714)
(1206, 708, 405276351)
(1206, 727, 1888552623)
(1206, 739, 597190688)
(1206, 740, -361953866)
(1206, 761, -964619582)
(1206, 838, 1945121435)
(1206, 870, 983605655)
(1206, 902, -1542679408)
(1206, 924, 1202551615)
(1206, 957, 1712562121)
(1206, 975, -1527609756)
(1206, 1074, -743222468)
(1206, 1108, -1169040291)
(1206, 1146, 1459049319)
(1206, 1162, -816684776)
(1206, 1230, -822343090)
(1206, 1244, -1740987155)
(1206, 1273, -913301325)
(1206, 1307, -1001387753)
(1206, 1330, -124303396)
(1214, 10, 605529429)
(1214, 26, 1611469594)
(1214, 51, 1157186194)
(1214, 72, 859187834)
(1214, 102, 1156156518)
(1214, 147, -20864671)
(1214, 173, 896986529)
(1214, 184, -1939311822)
(1214, 205, 1825380864)
(1214, 208, -102886180)
(1214, 270, -2057168730)
(1214, 274, 1084138582)
(1214, 342, -445435981)
(1214, 369, 391298248)
(1214, 370, 2063454416)
(1214, 460, -410860816)
(1214, 519, 1774822338)
(1214, 536, -787494861)
(1214, 566, -1337598179)
(1214, 633, 546557058)
(1214, 703, -1413840913)
(1214, 782, 1346679648)
(1214, 880, -1517920974)
(1214, 891, 1930463416)
(1214, 906, 111871131)
(1214, 927, 855321711)
(1214, 940, -1797410166)
(1214, 964, 280621516)
(1214, 1001, -1158591909)
(1214, 1053, 1673980918)
(1214, 1071, -1051666082)
(1214, 1084, -428059912)
(1214, 1101, 452939224)
(1214, 1130, 1625324238)
(1214, 1189, 1381547086)
(1214, 1192, -297588912)
(1214, 1228, -79230359)
(1214, 1240, 1440183417)
(1214, 1266, -1395304345)
(1214, 1309, 1909522562)
(1214, 1334, -1049983126)
(1223, 35, 1444020135)
(1223, 67, 213755083)
(1223, 109, 2028656507)
(1223, 119, 1239363377)
(1223, 187, -182194474)
(1223, 194, 1819235428)
(1223, 214, -1473993342)
(1223, 263, -1355223727)
(1223, 298, -1823431893)
(1223, 542, -244510790)
(1223, 550, 1686576915)
(1223, 577, -1942113996)
(1223, 589, -154553021)
(1223, 634, -1371494348)
(1223, 638, 2010610721)
(1223, 648, -1183778809)
(1223, 697, -623773297)
(1223, 714, 757551119)
(1223, 786, 1449135184)
(1223, 822, -1034751983)
(1223, 848, 22159439)
(1223, 860, -933310050)
(1223, 891, -1536138391)
(1223, 900, 1436459494)
(1223, 921, -2012772433)
(1223, 989, 1025952283)
(1223, 1037, 1770797703)
(1223, 1051, 1974254998)
(1223, 1068, 1429212183)
(1223, 1087, -420065472)
(1223, 1110, -431699208)
(1223, 1116, -2005097102)
(1223, 1188, 1138974418)
(1223, 1190, -240104725)
(1223, 1330, -962011377)
(1275, 3, 2141019438)
(1275, 129, 2002416398)
(1275, 168, 1596887919)
(1275, 170, -2068999915)
(1275, 210, 11172636)
(1275, 253, 1651165599)
(1275, 256, -1757783307)
(1275, 268, 1728617660)
(1275, 348, 1189166678)
(1275, 361, 1532416037)
(1275, 377, -429922560)
(1275, 392, -1911439549)
(1275, 437, 322998852)
(1275, 445, -901043639)
(1275, 447, 241868403)
(1275, 506, -684035276)
(1275, 535, 1775042648)
(1275, 547, 2083007043)
(1275, 583, -752665433)
(1275, 584, -80850262)
(1275, 604, -1944711135)
(1275, 633, -1961130331)
(1275, 645, 290668235)
(1275, 651, 1249062763)
(1275, 705, 966521123)
(1275, 727, 598884712)
(1275, 737, -951565903)
(1275, 757, 2113154185)
(1275, 816, 1946627056)
(1275, 843, 1665296247)
(1275, 861, 344831922)
(1275, 862, 2003717948)
(1275, 891, 1998595327)
(1275, 896, 1612869988)
(1275, 926, 886366077)
(1275, 930, -768395236)
(1275, 952, -1921164248)
(1275, 963, -1845314738)
(1275, 964, -268620114)
(1275, 980, 1664108217)
(1275, 987, -1436835494)
(1275, 1005, 912418050)
(1275, 1008, -301132748)
(1275, 1034, -138128513)
(1275, 1037, 509260283)
(1275, 1103, 74177690)
(1275, 1195, -1608720619)
(1275, 1196, -716873841)
(1275, 1226, -698903161)
(1275, 1255, 1642726009)
(1275, 1261, 929874358)
(1275, 1264, 765119036)
(1275, 1276, 342845933)
(1275, 1280, 281455746)
(1275, 1286, 535846122)
(1275, 1304, -1887415983)
(1275, 1310, 1388026832)
(1295, 9, -318245174)
(1295, 194, -835959800)
(1295, 240, 774788499)
(1295, 253, 1421715336)
(1295, 267, 865416030)
(1295, 285, 1237909520)
(1295, 370, -1606309215)
(1295, 544, -1410001141)
(1295, 549, -111765121)
(1295, 570, 1430299946)
(1295, 605, 1239333798)
(1295, 615, -1962878088)
(1295, 618, 1009831479)
(1295, 619, 344140553)
(1295, 627, 1547605142)
(1295, 705, 1718338587)
(1295, 707, 1494794945)
(1295, 741, 1674771821)
(1295, 750, -1545283685)
(1295, 794, 1001147883)
(1295, 841, 2081365604)
(1295, 853, 1847591058)
(1295, 856, 825426875)
(1295, 907, -768622972)
(1295, 920, 1090494944)
(1295, 923, -1420951939)
(1295, 1018, -175921122)
(1295, 1042, -699706158)
(1295, 1049, -1629960988)
(1295, 1053, -2138057913)
(1295, 1059, -1251009220)
(1295, 1149, 1391663522)
(1295, 1206, 179952305)
(1295, 1207, 1136633687)
(1295, 1232, -356270311)
(1295, 1241, -1289243127)
(1295, 1248, 1805659280)
(1295, 1265, 1529417841)
(1295, 1266, -198196418)
(1295, 1319, 776542234)
(1308, 8, 875666336)
(1308, 15, -1994393188)
(1308, 64, -2098852737)
(1308, 81, 1888000007)
(1308, 135, -655000793)
(1308, 136, 842198293)
(1308, 163, 2025675281)
(1308, 257, 1342108793)
(1308, 274, -91201374)
(1308, 275, 1627330175)
(1308, 282, 1216903651)
(1308, 290, 1351418724)
(1308, 303, -1825647802)
(1308, 337, 683516831)
(1308, 358, 1315061877)
(1308, 371, -1486124743)
(1308, 392, 719195977)
(1308, 424, 875962061)
(1308, 471, 975114642)
(1308, 501, -919794261)
(1308, 585, 324791861)
(1308, 680, 1195196838)
(1308, 736, -484249438)
(1308, 776, -457280833)
(1308, 804, 470135974)
(1308, 831, -1030577807)
(1308, 848, -2041437677)
(1308, 882, -607414091)
(1308, 904, -1228095997)
(1308, 951, 493604213)
(1308, 1014, 677491500)
(1308, 1050, 842936083)
(1308, 1117, -541663767)
(1308, 1129, -1339445022)
(1308, 1139, 601744020)
(1308, 1163, 425112390)
(1308, 1223, -1922001238)
(1308, 1286, 1083741454)
(1308, 1318, 901927058)
(1308, 1335, -597548834)
(1308, 1349, -1005593908)
(1335, 12, -1982604570)
(1335, 44, 1913228914)
(1335, 46, -1010326003)
(1335, 49, 2076059696)
(1335, 51, -1473457645)
(1335, 59, -1008555883)
(1335, 64, 924072110)
(1335, 149, -944731387)
(1335, 278, -1332290838)
(1335, 327, -99647872)
(1335, 410, -493711745)
(1335, 417, 290348516)
(1335, 430, 1507006111)
(1335, 468, -247678967)
(1335, 484, 902303234)
(1335, 504, 40251039)
(1335, 523, 307175410)
(1335, 586, 828989300)
(1335, 596, -1697064169)
(1335, 666, -82201665)
(1335, 787, -1178954489)
(1335, 851, -968700743)
(1335, 965, -1365195181)
(1335, 980, 1946701685)
(1335, 1064, 953240362)
(1335, 1100, 431534059)
(1335, 1185, -662670149)
(1335, 1309, 172711737)
(1335, 1330, -190626447)
(1335, 1349, 952893125)
(1349, 23, -1147121871)
(1349, 36, 364189638)
(1349, 50, -854809110)
(1349, 53, -1803546775)
(1349, 59, 532949706)
(1349, 63, -1014258276)
(1349, 67, -1590829554)
(1349, 198, -719183056)
(1349, 228, 378698003)
(1349, 259, 918107081)
(1349, 281, -545776253)
(1349, 317, 1078744550)
(1349, 401, 2016126718)
(1349, 403, -1175281123)
(1349, 406, -639578989)
(1349, 439, -1679683689)
(1349, 568, 1421526867)
(1349, 599, 1513991070)
(1349, 600, 456054387)
(1349, 602, -1282814240)
(1349, 625, 905836483)
(1349, 626, -820444374)
(1349, 685, 1506655195)
(1349, 724, -2024582843)
(1349, 737, 1179454341)
(1349, 763, -836941911)
(1349, 765, 832687142)
(1349, 773, 331148004)
(1349, 777, 1212309654)
(1349, 787, -474998194)
(1349, 821, -1810782806)
(1349, 872, -294048852)
(1349, 875, 836715957)
(1349, 893, 91156242)
(1349, 945, -792124404)
(1349, 949, -1904370925)
(1349, 971, 1344911261)
(1349, 1019, -882910918)
(1349, 1033, -681264797)
(1349, 1037, 1246999707)
(1349, 1050, 846696205)
(1349, 1081, 663011603)
(1349, 1132, -1870321858)
(1349, 1136, 2011922018)
(1349, 1139, -1772669988)
(1349, 1141, 1125043627)
(1349, 1147, -1372365131)
(1349, 1244, -942182356)
(1349, 1262, -351266577)
(1349, 1323, 425858095)
(1349, 1336, 524945075)
(1350, 73, 455571574)
(1350, 236, 1450805011)
(1350, 273, 108315711)
(1350, 320, 2092479382)
(1350, 360, -479476359)
(1350, 424, 801479721)
(1350, 441, 824197729)
(1350, 458, -1662031438)
(1350, 470, 1233718644)
(1350, 509, -71159333)
(1350, 542, 286578107)
(1350, 597, 2005822303)
(1350, 600, -1738021230)
(1350, 703, -1058754890)
(1350, 750, 1055312151)
(1350, 775, -1565512140)
(1350, 776, -1565824150)
(1350, 811, 2011605995)
(1350, 849, -1297400201)
(1350, 870, 1914585927)
(1350, 922, 497084854)
(1350, 1065, 1118049537)
(1350, 1082, 809829897)
(1350, 1083, -1489900812)
(1350, 1084, -63428884)
(1350, 1177, 1919711820)
(1350, 1205, 517721503)
(1350, 1212, 1075676491)
(1350, 1251, 483640064)
(1350, 1268, 1863006609)
(1350, 1284, 1372076895)
(1350, 1300, -1175459474)
(1350, 1341, 1389198137)
(1350, 1342, 864890500)
(1410, 129, -1044244886)
(1410, 147, 676368560)
(1410, 192, 1711731436)
(1410, 217, -975229691)
(1410, 257, -1037861896)
(1410, 290, -171099363)
(1410, 329, 904961222)
(1410, 342, 1841813665)
(1410, 361, 886734823)
(1410, 367, -1322843958)
(1410, 380, 2082676590)
(1410, 474, 189391104)
(1410, 491, 505312060)
(1410, 584, -2109904925)
(1410, 730, -1810964444)
(1410, 752, 906409180)
(1410, 775, -698214569)
(1410, 782, -1399236811)
(1410, 809, -1632823714)
(1410, 843, 124992621)
(1410, 905, -411744407)
(1410, 949, -1496031248)
(1410, 1000, 2035478981)
(1410, 1020, 1379984057)
(1410, 1041, 1597963648)
(1410, 1055, 1587677381)
(1410, 1068, -180236391)
(1410, 1092, -561433146)
(1410, 1093, 599231333)
(1410, 1202, -1334165313)
(1410, 1210, -1686573967)
(1410, 1235, 1063513757)
(1410, 1255, 537320500)
(1410, 1318, 45292504)
(1410, 1326, 1336061037)
(1456, 44, 978709226)
(1456, 52, -167130603)
(1456, 166, -1781033413)
(1456, 226, -1397389932)
(1456, 240, -1867018550)
(1456, 250, 832271563)
(1456, 306, -1167430666)
(1456, 349, -1616514580)
(1456, 409, 2023755360)
(1456, 469, 1477082207)
(1456, 480, 68026330)
(1456, 498, 970993123)
(1456, 560, 416985575)
(1456, 571, -782201052)
(1456, 655, 2106488451)
(1456, 692, -1069816261)
(1456, 706, 1783300379)
(1456, 743, -2020335074)
(1456, 747, -59074039)
(1456, 784, 1805048292)
(1456, 789, -785439930)
(1456, 793, 317695251)
(1456, 851, 431499556)
(1456, 911, -1225798523)
(1456, 947, 975519963)
(1456, 976, 600605120)
(1456, 995, -1235032437)
(1456, 998, -1549603256)
(1456, 1028, 359298366)
(1456, 1031, -741799600)
(1456, 1055, -312404311)
(1456, 1136, -814578682)
(1456, 1188, -2073405696)
(1456, 1218, 1761741134)
(1456, 1341, 1878759408)
(1661, 42, -1057411917)
(1661, 58, -1325131179)
(1661, 87, -1393852549)
(1661, 132, 1537762675)
(1661, 145, 1494331352)
(1661, 205, 461486085)
(1661, 216, 583402270)
(1661, 300, 1900235698)
(1661, 340, -524023399)
(1661, 382, -896340140)
(1661, 426, -229602377)
(1661, 548, 142390866)
(1661, 566, -1727712352)
(1661, 591, -1829956324)
(1661, 611, 2082610727)
(1661, 694, 2049614215)
(1661, 702, -515099550)
(1661, 715, 1933430167)
(1661, 752, 901809593)
(1661, 755, -1246178125)
(1661, 771, 331278472)
(1661, 814, 1239731009)
(1661, 821, 321457024)
(1661, 872, 1765021158)
(1661, 1017, -1813093881)
(1661, 1079, -873760508)
(1661, 1107, 805169658)
(1661, 1127, 476865342)
(1661, 1133, -1137133048)
(1661, 1253, -1248572133)
(1661, 1320, -2101267825)
(1661, 1325, -1130372489)
(1878, 33, -442195947)
(1878, 65, 938834784)
(1878, 113, 2106356149)
(1878, 122, -1460218384)
(1878, 155, -1953166727)
(1878, 158, -1559900152)
(1878, 176, -1763048923)
(1878, 185, 1988134842)
(1878, 186, -572551988)
(1878, 258, 1925530194)
(1878, 282, -261170305)
(1878, 341, 1857900556)
(1878, 368, 483478255)
(1878, 422, -372563815)
(1878, 473, 947945102)
(1878, 489, 2003210816)
(1878, 507, -1290340291)
(1878, 548, -496034891)
(1878, 636, 388130448)
(1878, 645, 433887677)
(1878, 712, -949812678)
(1878, 713, -446579194)
(1878, 744, -531697990)
(1878, 865, -972415037)
(1878, 875, 929258211)
(1878, 925, 44957152)
(1878, 967, 1637494074)
(1878, 1051, -1430080405)
(1878, 1113, -1911934902)
(1878, 1126, -625507485)
(1878, 1131, 1976924540)
(1878, 1242, 539026471)
(1878, 1261, -1585059705)
(1878, 1301, -94024172)
(1878, 1332, 795759419)
(1878, 1345, 431459913)
(1881, 21, -1470071214)
(1881, 51, -81912314)
(1881, 59, 2055839523)
(1881, 61, -715114349)
(1881, 90, 394106911)
(1881, 165, 837452614)
(1881, 180, -1809792301)
(1881, 233, -705336503)
(1881, 248, 1464675042)
(1881, 283, 2062307906)
(1881, 305, -1499793564)
(1881, 315, 1871132542)
(1881, 350, 1358704277)
(1881, 382, 1770969957)
(1881, 402, 1658121079)
(1881, 404, -971011824)
(1881, 407, 921563518)
(1881, 457, 1522785677)
(1881, 490, -809142760)
(1881, 505, -1825756786)
(1881, 518, 270719942)
(1881, 539, 2028222584)
(1881, 584, 564274944)
(1881, 607, 2033073758)
(1881, 614, -2128622404)
(1881, 640, -1905477244)
(1881, 671, 1436709663)
(1881, 700, -1511026538)
(1881, 728, 608898988)
(1881, 735, -726907637)
(1881, 789, -459868564)
(1881, 934, -1370862966)
(1881, 951, 721019563)
(1881, 1046, 1793838420)
(1881, 1058, 1486525506)
(1881, 1089, 1986915856)
(1881, 1113, -596299135)
(1881, 1118, 812648860)
(1881, 1128, 1157624760)
(1881, 1171, -230707542)
(1881, 1186, -1624462277)
(1881, 1228, -2019914097)
(1881, 1245, 1165261751)
(1881, 1252, -1525591156)
(1881, 1254, 1927381293)
(1881, 1323, 1283738040)
(1881, 1343, 2147163359)
(1881, 1345, 147366155)
(1951, 28, -1766435832)
(1951, 68, 186070599)
(1951, 77, -1240457916)
(1951, 93, -492333056)
(1951, 97, 872170357)
(1951, 105, -1719854646)
(1951, 157, -1959096999)
(1951, 226, -711467515)
(1951, 241, 1800502648)
(1951, 242, -1058847639)
(1951, 244, -1809833380)
(1951, 249, -1027242365)
(1951, 250, -775170661)
(1951, 325, 481821168)
(1951, 336, 128138567)
(1951, 357, -611131718)
(1951, 378, -1415563575)
(1951, 463, -735228424)
(1951, 524, 342387267)
(1951, 538, 2086526215)
(1951, 560, -423850934)
(1951, 593, -131136151)
(1951, 726, -37326237)
(1951, 769, 1663034375)
(1951, 782, 2004047452)
(1951, 796, 394313934)
(1951, 801, 758221111)
(1951, 843, 1414950871)
(1951, 924, -1140420322)
(1951, 957, 1031919235)
(1951, 979, -1765744375)
(1951, 1056, -872326528)
(1951, 1084, -1260564939)
(1951, 1148, 1326127820)
(1951, 1166, 301554686)
(1951, 1183, -2142874720)
(1951, 1201, 1532204814)
(1951, 1314, -199272136)
(1951, 1358, -1256524024)
(2003, 86, 518367088)
(2003, 122, 1670699381)
(2003, 137, -933421132)
(2003, 141, 1805461628)
(2003, 160, 923976930)
(2003, 223, 432574328)
(2003, 236, 996723715)
(2003, 297, -1902346386)
(2003, 321, -959559477)
(2003, 325, 552207605)
(2003, 327, -1443488664)
(2003, 343, -1775254190)
(2003, 357, -462557737)
(2003, 361, 919161250)
(2003, 365, 1071491819)
(2003, 402, 1326370935)
(2003, 423, 807851712)
(2003, 516, 870353054)
(2003, 531, 1559334704)
(2003, 545, 1805889524)
(2003, 558, 1408774109)
(2003, 589, 1149260261)
(2003, 592, 293161531)
(2003, 721, -1701918323)
(2003, 818, -1486626261)
(2003, 871, 1619081587)
(2003, 948, -1574130768)
(2003, 965, -1809222729)
(2003, 972, -1295896945)
(2003, 1004, 23717586)
(2003, 1035, -593855141)
(2003, 1064, -1991658019)
(2003, 1099, 1651321463)
(2003, 1201, -1962251284)
(2003, 1206, -1049757946)
(2003, 1209, 1754900127)
(2003, 1211, -1374736887)
(2003, 1242, 1899914973)
(2003, 1244, -1588532552)
(2003, 1289, 574552987)
(2003, 1341, 759313599)
(2003, 1342, -835065449)
(2003, 1344, -995730657)
(2023, 12, 2144083917)
(2023, 33, 1516825719)
(2023, 38, 1941114246)
(2023, 53, 1966536070)
(2023, 61, -503803314)
(2023, 89, 2107440755)
(2023, 145, 1497393214)
(2023, 160, 1729225189)
(2023, 164, -104836519)
(2023, 167, 750808230)
(2023, 189, 605788178)
(2023, 193, -1338175604)
(2023, 243, 1662518084)
(2023, 284, 658583401)
(2023, 368, -769085854)
(2023, 503, -778943856)
(2023, 504, -2117513806)
(2023, 510, 100288030)
(2023, 516, -2020557811)
(2023, 557, 1217126188)
(2023, 564, -1700740391)
(2023, 611, 1068414811)
(2023, 628, -446411561)
(2023, 655, -1255966164)
(2023, 761, -608349004)
(2023, 763, -251675979)
(2023, 790, -1849505932)
(2023, 844, 1267611030)
(2023, 888, -239349678)
(2023, 923, -851265800)
(2023, 1071, 738260540)
(2023, 1097, 1666422622)
(2023, 1112, 2133852787)
(2023, 1126, 1903592465)
(2023, 1147, 1246875811)
(2023, 1166, 674233938)
(2023, 1178, 1224664095)
(2023, 1182, 1133092530)
(2023, 1187, 1036247350)
(2023, 1204, 75930544)
(2023, 1206, 119306528)
(2023, 1239, 2019864393)
(2023, 1240, -1191716578)
(2023, 1264, 751543272)
(2023, 1287, 1607394154)
(2023, 1330, -774370499)
(2023, 1335, -1609127277)
(2023, 1343, -1233264265)
(2050, 102, -395824785)
(2050, 106, -1977168415)
(2050, 154, 1924467499)
(2050, 214, 1431482330)
(2050, 316, -839652695)
(2050, 369, 1481266156)
(2050, 407, -657441915)
(2050, 423, 782917652)
(2050, 455, -1484582710)
(2050, 481, -423430951)
(2050, 492, -1344942878)
(2050, 551, -1463603276)
(2050, 573, -1072905183)
(2050, 685, 1592215163)
(2050, 695, 79790481)
(2050, 698, -216000857)
(2050, 849, 695125447)
(2050, 869, 2049852261)
(2050, 876, 1262741196)
(2050, 917, 356885399)
(2050, 937, 854616370)
(2050, 944, -1220833387)
(2050, 995, -1806325144)
(2050, 996, 1156922841)
(2050, 1009, 1115276276)
(2050, 1022, 25807277)
(2050, 1026, -1422731410)
(2050, 1079, 317017220)
(2050, 1163, -1610961656)
(2050, 1273, 1196937057)
(2050, 1324, 81833301)
(2050, 1348, 193007990)
(2050, 1354, -462250033)
(2166, 111, 18625191)
(2166, 194, -137219278)
(2166, 221, 427578047)
(2166, 246, 1062335769)
(2166, 314, -30204949)
(2166, 322, -1202778537)
(2166, 335, -1846385567)
(2166, 406, -1519408774)
(2166, 428, -1306406326)
(2166, 443, -364970905)
(2166, 446, 105697585)
(2166, 464, 463111807)
(2166, 525, -651720925)
(2166, 563, -878827043)
(2166, 608, -1604621703)
(2166, 615, 573510706)
(2166, 641, -1867553979)
(2166, 662, 1786962346)
(2166, 663, -1293629882)
(2166, 676, 852961622)
(2166, 744, 1701948562)
(2166, 823, -1292593656)
(2166, 865, 1838729964)
(2166, 871, -2086736842)
(2166, 975, 2088883976)
(2166, 988, -1240496570)
(2166, 1005, 1989427940)
(2166, 1243, 345663869)
(2166, 1259, -1803510510)
(2166, 1330, 775852806)
(2166, 1343, -703958523)
(2179, 6, 1032842366)
(2179, 25, -1164503573)
(2179, 138, 1393243309)
(2179, 168, -1842046892)
(2179, 170, -1424302690)
(2179, 183, 1742974386)
(2179, 189, -64456903)
(2179, 190, -1887087446)
(2179, 194, -2031060418)
(2179, 270, -241367080)
(2179, 284, -684360277)
(2179, 309, -933605462)
(2179, 311, -380618267)
(2179, 333, -1565206651)
(2179, 402, -1795439687)
(2179, 433, 532953509)
(2179, 521, 1349538005)
(2179, 536, 782763763)
(2179, 575, 1575580669)
(2179, 839, 471695641)
(2179, 903, 1746417401)
(2179, 969, -1423793959)
(2179, 1031, -1928319467)
(2179, 1048, 1479804742)
(2179, 1072, -1854566414)
(2179, 1081, 1027360854)
(2179, 1135, 946132376)
(2179, 1144, -1799043877)
(2179, 1155, -1878025528)
(2179, 1190, -738327516)
(2179, 1232, 979934884)
(2179, 1254, -1738365123)
(2179, 1287, -844800069)
(2179, 1306, -618102500)
(2179, 1328, 165558123)
(2226, 10, -1754542482)
(2226, 18, 1424182359)
(2226, 64, 1179443324)
(2226, 65, -156814534)
(2226, 76, -858797640)
(2226, 195, 13375757)
(2226, 218, 772500501)
(2226, 345, 1340905831)
(2226, 350, -2092339737)
(2226, 400, 2035097473)
(2226, 404, -1128755254)
(2226, 408, -1602001544)
(2226, 426, -280673644)
(2226, 476, 668731423)
(2226, 503, 1456295681)
(2226, 556, -355536602)
(2226, 615, -1317461295)
(2226, 620, 1520409188)
(2226, 635, 1644209381)
(2226, 678, 1262296797)
(2226, 682, 710016789)
(2226, 691, -989677541)
(2226, 707, 912261111)
(2226, 709, 16263916)
(2226, 732, 1008434721)
(2226, 808, -971368481)
(2226, 818, 214626996)
(2226, 889, 809304038)
(2226, 913, -91752487)
(2226, 1001, -1441111041)
(2226, 1005, 744962340)
(2226, 1111, -1303225687)
(2226, 1145, -1825160733)
(2226, 1154, -1894334179)
(2226, 1177, -374756982)
(2226, 1222, -549629576)
(2226, 1235, -557076160)
(2226, 1297, -1783898997)
(2271, 4, 1969204958)
(2271, 7, -1902808868)
(2271, 8, 1749232245)
(2271, 63, 312206579)
(2271, 64, 1254030035)
(2271, 130, -690628362)
(2271, 183, -925755451)
(2271, 202, 1179071783)
(2271, 303, -1226987864)
(2271, 320, 1438442471)
(2271, 346, 1777512541)
(2271, 351, -168742211)
(2271, 362, 1097912638)
(2271, 365, -2080534286)
(2271, 489, -1081482776)
(2271, 545, 1054241408)
(2271, 549, 1565500463)
(2271, 689, 1688180565)
(2271, 740, 726199591)
(2271, 748, 1929788272)
(2271, 765, 722389537)
(2271, 769, -1871746478)
(2271, 928, 1187814298)
(2271, 967, -784920652)
(2271, 1059, -949100651)
(2271, 1062, -788912894)
(2271, 1065, -1591033477)
(2271, 1083, -825458791)
(2271, 1153, -1127600448)
(2271, 1154, -1452334030)
(2271, 1177, 2109062624)
(2350, 0, -218487456)
(2350, 5, 1155061181)
(2350, 11, 2039348833)
(2350, 63, 231160442)
(2350, 82, -1957008614)
(2350, 150, 1151322971)
(2350, 183, 708418889)
(2350, 190, -21339253)
(2350, 215, -1057442159)
(2350, 275, 1929687067)
(2350, 277, -1137578577)
(2350, 338, -882091777)
(2350, 342, 1414166239)
(2350, 380, -631942511)
(2350, 395, 907762365)
(2350, 408, -753406956)
(2350, 498, -171506810)
(2350, 590, 286944075)
(2350, 603, 1887180769)
(2350, 606, -1431857503)
(2350, 654, 1904099635)
(2350, 743, -750526445)
(2350, 762, 638749144)
(2350, 793, -919043272)
(2350, 797, 231167170)
(2350, 834, 973597717)
(2350, 849, 1087074105)
(2350, 872, 1308826105)
(2350, 891, 4948833)
(2350, 961, 101631532)
(2350, 1002, -675858486)
(2350, 1004, 1357950687)
(2350, 1015, 493499160)
(2350, 1058, 304409895)
(2350, 1061, 1654849447)
(2350, 1063, -2021982060)
(2350, 1168, 518001558)
(2350, 1190, 1466738975)
(2350, 1274, 258593586)
(2350, 1289, -1330012892)
(2350, 1311, 1982013944)
(2350, 1335, -1584135595)
(2350, 1343, -1825086324)
(2400, 22, 1454247655)
(2400, 62, -1220539387)
(2400, 64, -1693299692)
(2400, 158, 1947576479)
(2400, 165, -142409215)
(2400, 188, -1109673290)
(2400, 245, -1297691768)
(2400, 258, 1491327664)
(2400, 296, 1367767026)
(2400, 338, 518269728)
(2400, 350, -1849374732)
(2400, 360, 1777966708)
(2400, 364, -1547836142)
(2400, 463, -1365471111)
(2400, 465, -34218382)
(2400, 501, -980875916)
(2400, 507, 1393679950)
(2400, 521, -1851137945)
(2400, 535, -1647735837)
(2400, 561, -155686414)
(2400, 596, -483345408)
(2400, 636, -757262034)
(2400, 661, 1468073162)
(2400, 668, -1346587349)
(2400, 748, -684948221)
(2400, 764, -1401910815)
(2400, 869, 254205640)
(2400, 873, -1437711977)
(2400, 927, -71864788)
(2400, 968, -790618473)
(2400, 1088, 575205089)
(2400, 1102, 256856040)
(2400, 1142, -2065976170)
(2400, 1321, 452991682)
(2400, 1356, 164240362)
(2413, 37, 1507069748)
(2413, 95, -626524354)
(2413, 98, 1552256682)
(2413, 164, 1502988821)
(2413, 176, -507004409)
(2413, 181, -1157929630)
(2413, 232, 491074077)
(2413, 268, -1756529097)
(2413, 283, -2044475684)
(2413, 413, 497607298)
(2413, 428, -115539967)
(2413, 547, 1375357093)
(2413, 570, -563860339)
(2413, 591, -1161182876)
(2413, 616, -412786762)
(2413, 635, 1276301249)
(2413, 682, 1978389107)
(2413, 762, -2028662249)
(2413, 806, -147985247)
(2413, 827, 870944770)
(2413, 877, 1216203582)
(2413, 1036, -1126967348)
(2413, 1057, 948307065)
(2413, 1083, -348282771)
(2413, 1109, -990721297)
(2413, 1160, -449575866)
(2413, 1161, 131925069)
(2413, 1171, -715275710)
(2413, 1202, -416335548)
(2413, 1204, 1730038671)
(2413, 1244, 761199389)
(2413, 1285, 1600451723)
(2413, 1307, -2096733579)
(2413, 1313, -1695277536)
(2413, 1351, 1460688847)
(2416, 31, 1485559423)
(2416, 42, -1832191261)
(2416, 47, 469504296)
(2416, 65, -1200814005)
(2416, 68, -1776390586)
(2416, 145, 789022374)
(2416, 149, 1879734632)
(2416, 211, 944976667)
(2416, 247, -341435561)
(2416, 249, -177761426)
(2416, 252, -310213359)
(2416, 278, 1849505740)
(2416, 279, -307335658)
(2416, 291, 901903309)
(2416, 294, 648062317)
(2416, 351, -2137928538)
(2416, 355, -509253108)
(2416, 357, -1006610086)
(2416, 459, 1587768783)
(2416, 494, -471807213)
(2416, 508, -731989806)
(2416, 547, 1078300739)
(2416, 568, 2032348138)
(2416, 592, -1994410350)
(2416, 600, 674438438)
(2416, 605, 280547706)
(2416, 628, -455985782)
(2416, 649, -257835417)
(2416, 676, 1891715264)
(2416, 708, -209925585)
(2416, 737, -1140346179)
(2416, 795, -1510497169)
(2416, 866, -856452398)
(2416, 870, 524803362)
(2416, 923, 1970058235)
(2416, 1042, -985316740)
(2416, 1048, 929735879)
(2416, 1089, -1088860693)
(2416, 1096, -1184524040)
(2416, 1115, -1706112361)
(2416, 1150, 2042589599)
(2416, 1177, 992106457)
(2416, 1227, 781457504)
(2416, 1231, -297536289)
(2416, 1246, -1678083182)
(2416, 1292, -48229753)
(2416, 1323, 939300027)
(2421, 13, 991077678)
(2421, 30, 955155808)
(2421, 32, 626388776)
(2421, 70, -540993328)
(2421, 88, 587221729)
(2421, 129, 774236324)
(2421, 146, 1490894782)
(2421, 168, 1944793368)
(2421, 219, -1752238073)
(2421, 290, -1455095901)
(2421, 306, 942259699)
(2421, 315, -1103322464)
(2421, 348, 2125540411)
(2421, 382, 2083812340)
(2421, 455, 65920624)
(2421, 460, -1333439414)
(2421, 513, 1328604151)
(2421, 516, -178271239)
(2421, 551, -444582188)
(2421, 580, -1322695161)
(2421, 608, -1005924233)
(2421, 646, -1910525376)
(2421, 651, -533632937)
(2421, 682, -2010290385)
(2421, 689, 164395311)
(2421, 692, 1107815001)
(2421, 727, 1190650134)
(2421, 757, 1056590160)
(2421, 781, 205394178)
(2421, 886, -1619865510)
(2421, 904, -1698250474)
(2421, 919, -1542476025)
(2421, 1003, -1640250648)
(2421, 1019, -1596953719)
(2421, 1061, -1505881378)
(2421, 1085, -1393294731)
(2421, 1092, 1080688849)
(2421, 1098, -974420442)
(2421, 1150, 2126999121)
(2421, 1162, 1175463373)
(2421, 1164, -60783023)
(2421, 1171, 1996781173)
(2421, 1209, -405899166)
(2421, 1294, -1770144089)
(2421, 1308, -1589167582)
(2421, 1309, 586297618)
(2613, 143, 37642583)
(2613, 233, 1223537677)
(2613, 235, 827615965)
(2613, 244, 1230677224)
(2613, 266, -496266785)
(2613, 310, -290025490)
(2613, 314, -18011086)
(2613, 328, 1048689114)
(2613, 432, 612992955)
(2613, 465, -471379874)
(2613, 497, -832623336)
(2613, 500, 827289864)
(2613, 508, -1935984713)
(2613, 511, -2012305761)
(2613, 590, 1054798564)
(2613, 594, 1732410915)
(2613, 644, 850779810)
(2613, 664, 1466205216)
(2613, 690, -1086121090)
(2613, 746, -1071868872)
(2613, 838, 1601984347)
(2613, 842, 239119983)
(2613, 916, 678203230)
(2613, 926, 532359814)
(2613, 967, 1509044854)
(2613, 982, 1931151208)
(2613, 985, 1849778692)
(2613, 999, 1838910331)
(2613, 1017, -304363608)
(2613, 1039, 623174976)
(2613, 1082, -1910381284)
(2613, 1096, 751311420)
(2613, 1101, 1785263182)
(2613, 1148, -76713380)
(2613, 1212, -1415593621)
(2613, 1214, 1515184629)
(2613, 1219, 616563044)
(2613, 1222, 1972463583)
(2613, 1246, 1301897545)
(2613, 1317, -1325326049)
(2619, 1, -70246481)
(2619, 13, -2072336618)
(2619, 36, 723027662)
(2619, 50, 1087898760)
(2619, 55, 1548804260)
(2619, 76, -1810576239)
(2619, 81, 1171049304)
(2619, 90, 1130192029)
(2619, 146, 1889875074)
(2619, 171, 762877926)
(2619, 233, -102139000)
(2619, 244, -1946105337)
(2619, 272, -1456010910)
(2619, 291, 773748657)
(2619, 383, -2043071808)
(2619, 385, 431853130)
(2619, 414, -1869871133)
(2619, 455, -1573679577)
(2619, 577, 702001894)
(2619, 686, -744040956)
(2619, 751, -1256351148)
(2619, 787, 1931882306)
(2619, 809, 985458449)
(2619, 821, -1630914730)
(2619, 854, 339437609)
(2619, 932, -739671481)
(2619, 964, -314662070)
(2619, 971, 1609221497)
(2619, 974, 811725378)
(2619, 1014, 138916776)
(2619, 1029, -1475965575)
(2619, 1037, 1507445822)
(2619, 1091, 1649149282)
(2619, 1117, -922141570)
(2619, 1131, -2058150748)
(2619, 1133, 745976499)
(2619, 1235, 1732459504)
(2619, 1239, -1150330505)
(2619, 1257, 1926080943)
(2619, 1317, 625575858)
(2639, 44, -510853011)
(2639, 57, 1846737399)
(2639, 81, 504253472)
(2639, 88, 1293342814)
(2639, 112, 364513537)
(2639, 122, 707120673)
(2639, 159, -1967586778)
(2639, 264, -1292494857)
(2639, 279, 635974614)
(2639, 291, -1198122013)
(2639, 395, -1203657616)
(2639, 430, -440837560)
(2639, 527, 1450936908)
(2639, 670, -1543417185)
(2639, 687, 239642150)
(2639, 704, 1577487236)
(2639, 706, -1443215586)
(2639, 757, -350541920)
(2639, 768, 1642897952)
(2639, 769, -555996958)
(2639, 791, 543942420)
(2639, 823, 2045582115)
(2639, 844, -1996351950)
(2639, 865, -2079937400)
(2639, 884, 1357547929)
(2639, 943, 1462501336)
(2639, 1014, -320589721)
(2639, 1017, 1107170842)
(2639, 1054, -1270027007)
(2639, 1057, -1217742234)
(2639, 1059, 551475500)
(2639, 1075, -1017391131)
(2639, 1089, 1223777718)
(2639, 1166, 919237973)
(2639, 1186, 2093084757)
(2639, 1230, -1602702588)
(2639, 1232, -1310998203)
(2639, 1245, -599714365)
(2639, 1338, 186678476)
(2642, 73, -1025204145)
(2642, 79, 1120141987)
(2642, 97, -1928484109)
(2642, 139, -1627674582)
(2642, 174, 1877242628)
(2642, 183, -1617784645)
(2642, 239, 1892161921)
(2642, 283, 725688978)
(2642, 301, -2082510217)
(2642, 352, 1484133938)
(2642, 366, 1799299372)
(2642, 369, -1778670491)
(2642, 481, 1142436336)
(2642, 482, 1674376870)
(2642, 494, 1783923339)
(2642, 527, 79403625)
(2642, 604, 1005524896)
(2642, 611, 1312897502)
(2642, 621, 1359339275)
(2642, 691, -1401927139)
(2642, 735, 2116059048)
(2642, 741, 800359923)
(2642, 794, -2034482349)
(2642, 810, -399230279)
(2642, 834, 223140903)
(2642, 886, -1854517775)
(2642, 893, -224243953)
(2642, 974, 571266232)
(2642, 977, 283251621)
(2642, 984, -827752654)
(2642, 1014, -2027534249)
(2642, 1110, 1966567621)
(2642, 1114, 1011626048)
(2642, 1170, -806911249)
(2642, 1194, 2015328871)
(2642, 1195, -326731477)
(2642, 1206, 845855299)
(2642, 1320, -1927639515)
(2643, 30, 1701246986)
(2643, 56, -599318885)
(2643, 64, 1453729808)
(2643, 119, -2133240260)
(2643, 123, 1729970444)
(2643, 174, -2096277059)
(2643, 210, -157239743)
(2643, 346, 548822336)
(2643, 362, -1634919580)
(2643, 365, -1509269493)
(2643, 366, 1943590529)
(2643, 378, 552931236)
(2643, 391, 278946190)
(2643, 404, -428151902)
(2643, 438, -1871280502)
(2643, 484, -2028006314)
(2643, 501, 2091236988)
(2643, 558, 941718988)
(2643, 568, 1631497181)
(2643, 596, -864817229)
(2643, 704, 1856447510)
(2643, 737, -1760836507)
(2643, 821, 170277944)
(2643, 834, 774740135)
(2643, 862, 166993141)
(2643, 908, -2027276207)
(2643, 927, 77336797)
(2643, 951, 1860939828)
(2643, 953, -643314692)
(2643, 999, -656710072)
(2643, 1025, -2005647019)
(2643, 1029, -95759317)
(2643, 1140, -550244662)
(2643, 1186, -443076632)
(2643, 1258, -1864340024)
(2643, 1312, -902303953)
(2645, 31, 762795840)
(2645, 68, 62117701)
(2645, 102, 2131970104)
(2645, 108, 1069163427)
(2645, 145, 946980888)
(2645, 165, 180804824)
(2645, 180, -2058701540)
(2645, 295, -1279614529)
(2645, 326, -237306666)
(2645, 451, 563389393)
(2645, 497, -2051890497)
(2645, 603, -479362576)
(2645, 609, 1318681833)
(2645, 733, -89743689)
(2645, 743, -1003406203)
(2645, 804, -1972272735)
(2645, 895, -1226831825)
(2645, 974, -498513746)
(2645, 983, -2120225829)
(2645, 1021, -1966524440)
(2645, 1035, -161482699)
(2645, 1124, 1531487414)
(2645, 1153, -1419562768)
(2645, 1166, -306170019)
(2645, 1197, -1591153919)
(2645, 1230, -2044711950)
(2645, 1250, -929957953)
(2645, 1282, -1682996978)
(2645, 1305, -402360345)
(2645, 1359, 1344742036)
(2649, 39, 1479396972)
(2649, 71, -456777267)
(2649, 72, -777427669)
(2649, 109, -2000606293)
(2649, 135, 293370688)
(2649, 166, 1916991601)
(2649, 173, 2142474952)
(2649, 218, 1861243528)
(2649, 248, 751177646)
(2649, 329, -664836099)
(2649, 347, -331046441)
(2649, 402, -1553699708)
(2649, 423, -1327823129)
(2649, 479, 1087845202)
(2649, 557, 1817918590)
(2649, 573, -2141746007)
(2649, 622, 1106212625)
(2649, 652, -607856138)
(2649, 677, -360146109)
(2649, 716, 213720153)
(2649, 728, 1331163990)
(2649, 764, -1547883626)
(2649, 771, -833739836)
(2649, 843, 1906784106)
(2649, 846, 682228154)
(2649, 876, 1006447934)
(2649, 891, -2010431800)
(2649, 1025, 231676426)
(2649, 1039, -269144756)
(2649, 1059, -34284140)
(2649, 1187, 1466644712)
(2649, 1207, -809899615)
(2649, 1299, -364705576)
(2649, 1311, -1633756114)
(2649, 1336, -1930523523)
(2649, 1349, -770497492)
(2653, 5, -116252319)
(2653, 47, 846332270)
(2653, 111, -1385878494)
(2653, 183, 83544684)
(2653, 205, -1314980400)
(2653, 281, 583012621)
(2653, 291, 1108129156)
(2653, 320, -1798350623)
(2653, 334, 1872014723)
(2653, 371, -1054597264)
(2653, 379, -891438330)
(2653, 390, 822103625)
(2653, 480, 1385208444)
(2653, 481, 73989227)
(2653, 498, -1350942265)
(2653, 579, -922380905)
(2653, 665, -1201809405)
(2653, 678, 2127593022)
(2653, 695, 1719428361)
(2653, 740, -1666893262)
(2653, 767, 759671614)
(2653, 776, -1258375274)
(2653, 816, 1679359023)
(2653, 824, 1413398557)
(2653, 841, -499654676)
(2653, 893, -1621559439)
(2653, 926, 1449819507)
(2653, 934, 435588324)
(2653, 980, -41422822)
(2653, 1004, 1857505552)
(2653, 1005, -419167606)
(2653, 1099, -1696497982)
(2653, 1137, 603464484)
(2653, 1168, 409685957)
(2653, 1179, 1188487860)
(2653, 1192, 1851953474)
(2653, 1331, -303020721)
(2653, 1333, -701943345)
(2709, 44, 1830866830)
(2709, 66, 138181214)
(2709, 69, -402509628)
(2709, 101, 1414034646)
(2709, 164, 1255238052)
(2709, 169, -1775074885)
(2709, 175, 836290235)
(2709, 223, 945442194)
(2709, 244, 1279054556)
(2709, 257, -1932864321)
(2709, 339, -1947444062)
(2709, 341, 2058144749)
(2709, 365, 1751148508)
(2709, 367, 843931773)
(2709, 376, -1468458376)
(2709, 417, -53340879)
(2709, 460, -1150628305)
(2709, 469, -639317584)
(2709, 489, -69718891)
(2709, 589, 1625249577)
(2709, 597, -1227034323)
(2709, 676, -260624189)
(2709, 775, 571789470)
(2709, 808, -823569753)
(2709, 817, 464481650)
(2709, 930, 2096572157)
(2709, 940, -1079807186)
(2709, 949, -505747588)
(2709, 1047, -1148284014)
(2709, 1169, 730431998)
(2709, 1182, -2111105860)
(2709, 1240, 243159533)
(2709, 1257, 241208680)
(2709, 1285, 984870982)
(2709, 1297, 435346650)
(2709, 1318, 152737476)
(2725, 10, -2097421339)
(2725, 31, 899693967)
(2725, 37, -1608664682)
(2725, 49, 71170107)
(2725, 80, -1697726429)
(2725, 114, 1072971952)
(2725, 287, 1402119997)
(2725, 296, 1177281751)
(2725, 390, -1525133192)
(2725, 415, 2041705866)
(2725, 416, 620323832)
(2725, 547, -2105536042)
(2725, 557, 1268598934)
(2725, 562, 1510218952)
(2725, 593, -406601102)
(2725, 624, 845634455)
(2725, 651, 330505028)
(2725, 692, -560820510)
(2725, 695, 569580519)
(2725, 745, 423384003)
(2725, 785, -732147425)
(2725, 900, 140072507)
(2725, 915, -402423847)
(2725, 916, 2021249088)
(2725, 920, 34929226)
(2725, 1071, 908343896)
(2725, 1125, 706086690)
(2725, 1155, 552905151)
(2725, 1162, -137827241)
(2725, 1171, -609283180)
(2725, 1177, -480110204)
(2725, 1185, -1281494967)
(2725, 1195, -389754501)
(2725, 1209, 2100696394)
(2725, 1313, -682796847)
(2725, 1321, -626280702)
(2730, 8, -549544573)
(2730, 85, 1179974272)
(2730, 156, 175806118)
(2730, 160, 2076931586)
(2730, 192, -1545486713)
(2730, 305, -108612096)
(2730, 306, -444008353)
(2730, 440, -743746161)
(2730, 461, -616751353)
(2730, 512, 1137138496)
(2730, 530, 50656846)
(2730, 534, -422914520)
(2730, 551, 1608753244)
(2730, 650, 1604596052)
(2730, 662, 812604217)
(2730, 723, 1176376816)
(2730, 742, 1074373030)
(2730, 822, 1982717412)
(2730, 840, 1231985503)
(2730, 894, -1233151914)
(2730, 896, -257208795)
(2730, 942, -435372432)
(2730, 955, -1025399806)
(2730, 990, 793930802)
(2730, 1022, 697223380)
(2730, 1030, 1165001641)
(2730, 1049, -666794758)
(2730, 1065, 1193826799)
(2730, 1079, 2067016148)
(2730, 1092, -486956640)
(2730, 1108, 1619694511)
(2730, 1123, 1366645949)
(2730, 1154, -2083743794)
(2730, 1156, 1570789518)
(2730, 1194, -779207021)
(2730, 1261, 474688802)
(2730, 1273, 1029116973)
(2730, 1275, 2010007091)
(2730, 1325, 1905811790)
(2730, 1328, -621762002)
(2775, 18, 618601949)
(2775, 31, -1280800501)
(2775, 35, -888841395)
(2775, 54, -780988674)
(2775, 83, 509866831)
(2775, 89, -1111451396)
(2775, 112, 625151129)
(2775, 118, -1214701104)
(2775, 186, 1227904257)
(2775, 251, -1565481886)
(2775, 252, 1090672482)
(2775, 288, 1120628541)
(2775, 329, 1428435954)
(2775, 345, 947347344)
(2775, 372, -2059328429)
(2775, 402, -84142560)
(2775, 440, -41846232)
(2775, 449, 1588887897)
(2775, 459, 1864607865)
(2775, 460, 325994939)
(2775, 523, -865503396)
(2775, 554, 669990527)
(2775, 573, 368403468)
(2775, 603, 451208034)
(2775, 606, -1671117116)
(2775, 630, -773474186)
(2775, 663, -1178050125)
(2775, 672, 1399746716)
(2775, 681, 1321169424)
(2775, 682, -476566333)
(2775, 683, 2101370400)
(2775, 729, 615097932)
(2775, 756, 1376607198)
(2775, 808, -2055461188)
(2775, 809, -689019957)
(2775, 825, -1543825232)
(2775, 835, -1626677247)
(2775, 851, 1803657515)
(2775, 886, 1099629240)
(2775, 921, 496927663)
(2775, 991, -1043119754)
(2775, 1025, -1149502288)
(2775, 1077, -307517638)
(2775, 1089, 525889319)
(2775, 1101, -1811501218)
(2775, 1151, 359461857)
(2775, 1203, -608649500)
(2775, 1232, -361926938)
(2775, 1262, -737486073)
(2775, 1308, 2031340189)
(2775, 1309, -1653301337)
(2775, 1335, -1013757829)
(2775, 1337, 1254998723)
(2775, 1359, 1191174330)
(2781, 1, -1659666589)
(2781, 8, 1380962854)
(2781, 30, 2078097795)
(2781, 75, 676560017)
(2781, 86, 727265907)
(2781, 127, -1951535070)
(2781, 140, -1323102402)
(2781, 151, -176896624)
(2781, 161, 308821364)
(2781, 167, 1333058761)
(2781, 173, -360290127)
(2781, 178, 2054699140)
(2781, 210, 1257877550)
(2781, 245, -805855556)
(2781, 254, 1970545639)
(2781, 337, -1099453758)
(2781, 355, 128019492)
(2781, 382, 474747448)
(2781, 387, 818335102)
(2781, 391, 2091241353)
(2781, 453, 297557805)
(2781, 462, 1779626489)
(2781, 483, -128794342)
(2781, 517, 983557137)
(2781, 535, 1171718345)
(2781, 559, -1699021830)
(2781, 596, 1246347533)
(2781, 670, 1346090872)
(2781, 690, -1816237648)
(2781, 697, -907015213)
(2781, 704, -1876982401)
(2781, 981, -28346701)
(2781, 983, 286911612)
(2781, 990, 158084852)
(2781, 1032, -2124416970)
(2781, 1121, -825860980)
(2781, 1133, 1573706979)
(2781, 1146, -385456265)
(2781, 1192, 1789063592)
(2781, 1194, -1502106907)
(2781, 1199, 706632052)
(2781, 1220, -1094362883)
(2781, 1270, -1056950610)
(2791, 13, 26563807)
(2791, 23, -2114351698)
(2791, 57, 544416235)
(2791, 96, -455099585)
(2791, 106, 1027953385)
(2791, 148, -2136133342)
(2791, 199, 1347368337)
(2791, 217, -1785716070)
(2791, 277, 872297676)
(2791, 303, 65659731)
(2791, 331, 370680966)
(2791, 387, -1642750101)
(2791, 444, 300676100)
(2791, 464, -1075116975)
(2791, 542, 1074347006)
(2791, 550, -887396579)
(2791, 601, 405486894)
(2791, 657, -1411578624)
(2791, 660, 270057169)
(2791, 679, 1583872821)
(2791, 715, 429162043)
(2791, 736, 2036892094)
(2791, 797, -869472248)
(2791, 817, -314047835)
(2791, 842, 1727556624)
(2791, 854, 242524498)
(2791, 858, -1700390629)
(2791, 860, -1713993460)
(2791, 871, 1597811557)
(2791, 933, -629131455)
(2791, 958, -1312310718)
(2791, 963, -1551017694)
(2791, 992, 1591954626)
(2791, 1038, -1481159372)
(2791, 1066, 2053267453)
(2791, 1084, -357052041)
(2791, 1162, -233594832)
(2791, 1197, 1866688576)
(2791, 1213, 542866046)
(2791, 1278, -544350253)
(2791, 1295, -1509224268)
(2791, 1298, 540303374)
(2799, 25, -648457368)
(2799, 55, 1113583077)
(2799, 56, 830051477)
(2799, 120, 1107473382)
(2799, 122, -1349657270)
(2799, 169, -2145120169)
(2799, 184, 2102579790)
(2799, 187, -39529004)
(2799, 231, -1243665860)
(2799, 245, -702439374)
(2799, 256, -424416)
(2799, 306, -2093039771)
(2799, 337, 22267983)
(2799, 342, -203208370)
(2799, 392, -1598237414)
(2799, 396, 267376487)
(2799, 408, 944788413)
(2799, 430, -1815796015)
(2799, 506, -879386163)
(2799, 625, -425370705)
(2799, 667, -1461050210)
(2799, 692, -2039753070)
(2799, 768, -1777288545)
(2799, 796, -1053704890)
(2799, 834, -487877814)
(2799, 910, -2068104997)
(2799, 921, -772904566)
(2799, 923, -1761102809)
(2799, 936, -1448919299)
(2799, 951, -1201957445)
(2799, 964, -609674603)
(2799, 966, 1744759617)
(2799, 982, 1424916944)
(2799, 1000, 136230512)
(2799, 1103, -190023504)
(2799, 1120, 835094590)
(2799, 1139, -978407765)
(2799, 1226, 1683223746)
(2799, 1246, 187788994)
(2799, 1272, -1992092455)
(2799, 1327, 1378412939)
(2799, 1343, -1834559230)
(2803, 43, -546166135)
(2803, 91, -1463093930)
(2803, 120, 819335987)
(2803, 126, -1942907282)
(2803, 160, 428321016)
(2803, 208, -433065164)
(2803, 233, 987875876)
(2803, 304, -783874445)
(2803, 381, -1452658090)
(2803, 385, -1869668437)
(2803, 449, 278773483)
(2803, 485, 1098587132)
(2803, 489, -1199275242)
(2803, 535, 914698674)
(2803, 660, 1692778043)
(2803, 686, 1803350808)
(2803, 689, -559440959)
(2803, 700, -260625735)
(2803, 706, -1997222830)
(2803, 724, 1617083031)
(2803, 733, 2004076871)
(2803, 837, -1287845733)
(2803, 902, -544825385)
(2803, 919, 1296292228)
(2803, 920, 1111721293)
(2803, 925, -766092962)
(2803, 960, 519756373)
(2803, 965, -6625884)
(2803, 991, 1421517338)
(2803, 1064, 428187062)
(2803, 1120, -1507472683)
(2803, 1136, 1058400634)
(2803, 1169, 2003930480)
(2803, 1233, 1550831709)
(2803, 1236, -2008531414)
(2803, 1244, 1185100878)
(2803, 1272, -802978732)
(2803, 1283, -1546620830)
(2803, 1287, 2135669258)
(2833, 20, -838491401)
(2833, 31, -1817483949)
(2833, 58, 875823309)
(2833, 111, -640473993)
(2833, 148, 486915344)
(2833, 175, 1509310837)
(2833, 221, 1219647474)
(2833, 224, 825090587)
(2833, 250, 1348925776)
(2833, 280, -907311018)
(2833, 307, -1438751336)
(2833, 344, 1905744770)
(2833, 377, -126740753)
(2833, 390, 1530989237)
(2833, 418, -211657946)
(2833, 428, 579474562)
(2833, 487, 80016835)
(2833, 488, 819855011)
(2833, 528, -1749436239)
(2833, 564, 2018598398)
(2833, 677, 1186805591)
(2833, 700, 1498151269)
(2833, 757, 611050243)
(2833, 761, -1851506227)
(2833, 770, -730664243)
(2833, 771, 232144550)
(2833, 810, 1155340988)
(2833, 844, -919389710)
(2833, 859, -1990012644)
(2833, 896, -2083215909)
(2833, 959, 1182186565)
(2833, 966, 830170069)
(2833, 996, -597194162)
(2833, 1051, -1621178842)
(2833, 1093, -1584554461)
(2833, 1148, 1582068549)
(2833, 1154, 154816018)
(2833, 1190, 1761753246)
(2833, 1195, 539106087)
(2833, 1212, -809779792)
(2833, 1225, -721496240)
(2833, 1226, 1681384059)
(2833, 1232, -701359163)
(2833, 1254, 819029157)
(2833, 1266, 775820692)
(2833, 1287, 1138122363)
(2863, 93, 62953990)
(2863, 139, -1695957417)
(2863, 234, -1945161460)
(2863, 261, 1685740087)
(2863, 278, 1865811425)
(2863, 309, 2058875747)
(2863, 367, 1734701211)
(2863, 500, 781169857)
(2863, 560, 1777237327)
(2863, 582, 887212700)
(2863, 660, 1561250040)
(2863, 663, 898198885)
(2863, 727, -221670936)
(2863, 754, 1480142888)
(2863, 823, 758839093)
(2863, 838, -1150801250)
(2863, 863, 1687283787)
(2863, 865, 765421709)
(2863, 871, -1412880850)
(2863, 872, 571211075)
(2863, 877, 1956557146)
(2863, 882, 901421501)
(2863, 930, 2034180349)
(2863, 1006, 1449269495)
(2863, 1079, -184218467)
(2863, 1080, -19976469)
(2863, 1162, -440624448)
(2863, 1206, 204535500)
(2863, 1213, -1151210769)
(2863, 1283, -200182412)
(2863, 1295, -140191613)
(2863, 1334, -60481471)
(2863, 1337, -1363905243)
(2863, 1355, -1662487286)
(2899, 90, -1417321510)
(2899, 130, -205559357)
(2899, 142, 129711284)
(2899, 164, -960312073)
(2899, 182, 2041590248)
(2899, 206, 2038030239)
(2899, 215, 344049386)
(2899, 265, 1048572900)
(2899, 311, -1569710840)
(2899, 317, 735714998)
(2899, 323, -675176586)
(2899, 357, 599149547)
(2899, 381, -25606203)
(2899, 394, -186084192)
(2899, 400, -659856597)
(2899, 461, -1967077059)
(2899, 478, 1506067312)
(2899, 481, -1886342170)
(2899, 482, 338841204)
(2899, 561, -2056478010)
(2899, 600, 264884666)
(2899, 649, -675723481)
(2899, 673, -735471783)
(2899, 686, -139567031)
(2899, 698, 2065069618)
(2899, 857, 1936220302)
(2899, 860, -739038594)
(2899, 968, -1591206604)
(2899, 1004, 126134777)
(2899, 1076, 1832519487)
(2899, 1280, 293824290)
(2899, 1287, 2001128803)
(2899, 1354, 1704777494)
(2900, 16, 1202694644)
(2900, 32, 415473982)
(2900, 50, -208676659)
(2900, 78, 875105790)
(2900, 100, 255359754)
(2900, 133, 2033132358)
(2900, 139, 693311270)
(2900, 220, 1102214179)
(2900, 224, -936242399)
(2900, 246, 1134778105)
(2900, 367, 1190505119)
(2900, 389, 97063785)
(2900, 399, -1845326441)
(2900, 451, -1869309281)
(2900, 479, 24580025)
(2900, 551, 1322415423)
(2900, 552, 1036983290)
(2900, 608, -10652570)
(2900, 622, -453459013)
(2900, 630, 813440663)
(2900, 670, 150252522)
(2900, 705, 1785330685)
(2900, 727, -1329888476)
(2900, 827, -1215287065)
(2900, 849, 895752422)
(2900, 921, 25655267)
(2900, 936, -1643129695)
(2900, 959, -1436066124)
(2900, 999, -1443672355)
(2900, 1042, -1586289309)
(2900, 1066, 813341067)
(2900, 1082, -1974142449)
(2900, 1085, 998402469)
(2900, 1097, 484072966)
(2900, 1108, -1566014358)
(2900, 1237, 550490563)
(2900, 1245, 1002029538)
(2907, 81, -580253656)
(2907, 167, -366836870)
(2907, 300, 932305766)
(2907, 302, -901976901)
(2907, 315, 111702720)
(2907, 326, 845580193)
(2907, 364, 517962657)
(2907, 380, 1450636677)
(2907, 420, 755775558)
(2907, 434, -175165296)
(2907, 456, 1938866172)
(2907, 467, 123195082)
(2907, 494, 1690021781)
(2907, 530, -124416650)
(2907, 594, -1672940078)
(2907, 694, 476268899)
(2907, 697, 397886162)
(2907, 706, 1943816695)
(2907, 707, 1916889867)
(2907, 711, 1721879978)
(2907, 724, -1629753155)
(2907, 825, -682644320)
(2907, 834, 1512395909)
(2907, 840, 1477776882)
(2907, 889, 817898364)
(2907, 924, -169099425)
(2907, 948, 1343208882)
(2907, 949, -1215149195)
(2907, 1023, 2000233366)
(2907, 1025, 1345529096)
(2907, 1041, 1183497950)
(2907, 1058, -246066642)
(2907, 1121, 1295503374)
(2907, 1171, -1816286337)
(2907, 1358, -1511975832)
(2958, 18, -1736589970)
(2958, 39, 685197008)
(2958, 180, -1680627096)
(2958, 185, -1786703860)
(2958, 230, -1366498295)
(2958, 239, 2060141442)
(2958, 242, 1087909234)
(2958, 273, -1919032424)
(2958, 291, 971113397)
(2958, 300, -200959139)
(2958, 362, 532364257)
(2958, 418, 1478324986)
(2958, 446, -1845752226)
(2958, 480, -1186224620)
(2958, 511, -2057579691)
(2958, 524, -1532159755)
(2958, 745, 822571455)
(2958, 767, -368006715)
(2958, 799, -1328336666)
(2958, 837, 1236162280)
(2958, 867, -1558376654)
(2958, 933, -1860267543)
(2958, 947, -2035694799)
(2958, 1006, 969380804)
(2958, 1043, -1090082905)
(2958, 1060, -1054540841)
(2958, 1077, -582282333)
(2958, 1095, -940835891)
(2958, 1108, 395924716)
(2958, 1115, -403740951)
(2958, 1127, 1583797182)
(2958, 1134, -1344683641)
(2958, 1142, -128988321)
(2958, 1193, -1434996410)
(2958, 1202, -634759286)
(2958, 1268, 439518565)
(2958, 1270, -841730787)
(2958, 1306, 1690178615)
(2958, 1315, -1489825078)
(2958, 1316, -1260266883)
(2958, 1333, -292486052)
(2965, 33, 1870663469)
(2965, 50, -1391370774)
(2965, 110, 2036447718)
(2965, 126, 201318477)
(2965, 142, 228667527)
(2965, 330, 1556810605)
(2965, 370, 1612187679)
(2965, 438, -1130450976)
(2965, 583, 1829712206)
(2965, 608, 1303076912)
(2965, 656, 846500912)
(2965, 675, -870165001)
(2965, 688, -1806275547)
(2965, 727, -2054367839)
(2965, 875, 1101936788)
(2965, 877, -1985639773)
(2965, 924, 85974977)
(2965, 941, 1153008910)
(2965, 943, 1316345943)
(2965, 978, -456253414)
(2965, 1010, 1044017167)
(2965, 1019, 587792589)
(2965, 1046, -864032583)
(2965, 1049, 1512629910)
(2965, 1053, 243908027)
(2965, 1085, -875438620)
(2965, 1136, 1543610866)
(2965, 1152, 862835896)
(2965, 1204, -297979893)
(2965, 1211, -1676633780)
(2965, 1217, 1987405766)
(2965, 1223, 1510581726)
(2965, 1302, 1335621133)
(2965, 1304, 985436791)
(2989, 23, -310605439)
(2989, 32, -255786555)
(2989, 36, 1747349240)
(2989, 46, 1448770331)
(2989, 89, 2093522289)
(2989, 102, 1168956624)
(2989, 114, -1738432265)
(2989, 124, -1125685983)
(2989, 163, 1491757450)
(2989, 164, -825123691)
(2989, 165, -139833797)
(2989, 206, -240599511)
(2989, 224, -1805761519)
(2989, 281, -2101764990)
(2989, 302, 1319240317)
(2989, 346, 568412724)
(2989, 365, -1053566325)
(2989, 370, -1545601009)
(2989, 380, -606808460)
(2989, 461, -1254219136)
(2989, 482, 1820807888)
(2989, 499, 1810980256)
(2989, 527, 53311400)
(2989, 541, -1837968071)
(2989, 544, -1542990500)
(2989, 571, -529864481)
(2989, 598, -849465398)
(2989, 670, -1020639845)
(2989, 719, 1123548636)
(2989, 848, -331880936)
(2989, 876, -116446748)
(2989, 887, 167935909)
(2989, 916, 1859619565)
(2989, 1012, 1865912672)
(2989, 1073, -1085584378)
(2989, 1075, 791316139)
(2989, 1164, 389991941)
(2989, 1190, -497623391)
(2989, 1205, 1974618425)
(2989, 1231, 1876756171)
(2989, 1239, -534649444)
(3017, 57, 803952228)
(3017, 88, 2064148359)
(3017, 105, 619712060)
(3017, 110, -1299816043)
(3017, 131, -424976840)
(3017, 139, -1735478456)
(3017, 247, -450130303)
(3017, 277, -515945792)
(3017, 278, 1459808355)
(3017, 286, 437262745)
(3017, 307, -1598772257)
(3017, 322, -267799995)
(3017, 335, -1775222160)
(3017, 345, -1897692816)
(3017, 386, 1105141901)
(3017, 401, -565739286)
(3017, 403, -81850108)
(3017, 409, 408262169)
(3017, 494, 242238394)
(3017, 589, 1975500864)
(3017, 601, 1398454076)
(3017, 612, 1812722533)
(3017, 648, -1342721728)
(3017, 696, -1210546835)
(3017, 786, 1712965798)
(3017, 842, -2047469330)
(3017, 856, -1627008338)
(3017, 962, 1133676959)
(3017, 973, -761161654)
(3017, 992, 912757762)
(3017, 1016, -1943189357)
(3017, 1020, -1013869062)
(3017, 1078, -1233496518)
(3017, 1223, -785313214)
(3017, 1303, 532300566)
(3017, 1304, -1505940376)
(3017, 1328, 1729183700)
(3017, 1333, 1567285166)
(3017, 1345, -2131220927)
(3040, 22, 232023054)
(3040, 39, -1180722161)
(3040, 52, 1062851627)
(3040, 54, 872323587)
(3040, 105, 1051217175)
(3040, 141, -423234581)
(3040, 161, 16311096)
(3040, 212, -1427337791)
(3040, 218, -1948873922)
(3040, 247, 1037761541)
(3040, 296, -864090957)
(3040, 310, -1485510584)
(3040, 324, 811067340)
(3040, 389, 1737830415)
(3040, 391, 319186514)
(3040, 420, 1002965204)
(3040, 470, -161236651)
(3040, 476, -1724385652)
(3040, 515, 921006557)
(3040, 518, -1052403722)
(3040, 632, 1601821301)
(3040, 647, -963092955)
(3040, 706, 970048305)
(3040, 707, 1627371016)
(3040, 727, -1450207918)
(3040, 732, 1786026956)
(3040, 832, 2064513206)
(3040, 908, -1557814500)
(3040, 921, 2031959582)
(3040, 999, -256924776)
(3040, 1001, -551008084)
(3040, 1073, -2041385229)
(3040, 1084, 1465202306)
(3040, 1159, 423876786)
(3040, 1178, 209730805)
(3040, 1179, -808969900)
(3040, 1186, 1021596328)
(3040, 1221, -1617144884)
(3040, 1233, 1569817249)
(3040, 1294, 257837808)
(3040, 1352, 1650062803)
(3061, 105, 1288581094)
(3061, 112, 1990831988)
(3061, 136, -1191788467)
(3061, 170, 622535346)
(3061, 199, 1893462822)
(3061, 228, -430253768)
(3061, 259, -1217471295)
(3061, 278, -1155266975)
(3061, 366, 976442404)
(3061, 418, 293539305)
(3061, 524, -304340082)
(3061, 575, 596063977)
(3061, 620, -605424544)
(3061, 652, 1405917339)
(3061, 684, 1338932193)
(3061, 705, 1350570559)
(3061, 757, -503689073)
(3061, 915, 765505663)
(3061, 933, -1214452778)
(3061, 981, 1197975061)
(3061, 1067, -1030730546)
(3061, 1161, -885290646)
(3061, 1163, -22055053)
(3061, 1204, -572894281)
(3061, 1240, -1527841971)
(3061, 1341, -1951733425)
(3061, 1343, -519471899)
(3134, 71, 1349213880)
(3134, 75, -436019881)
(3134, 242, -1539292630)
(3134, 248, -1364915156)
(3134, 249, -1861631767)
(3134, 257, -1368894657)
(3134, 280, -963565647)
(3134, 299, 1307889764)
(3134, 318, -1056793067)
(3134, 339, 380644509)
(3134, 343, -796674465)
(3134, 344, -1950112242)
(3134, 347, -1105692618)
(3134, 516, -1764176639)
(3134, 546, -1967055679)
(3134, 563, 1635691049)
(3134, 578, 1062732801)
(3134, 586, -1958203820)
(3134, 587, -2047822556)
(3134, 621, 167693483)
(3134, 632, -305499166)
(3134, 716, -413807958)
(3134, 739, -418317666)
(3134, 817, 578826517)
(3134, 822, 2079201215)
(3134, 836, 591911857)
(3134, 839, 7188029)
(3134, 1045, -585124667)
(3134, 1077, -325993670)
(3134, 1111, -294896787)
(3134, 1112, 302334787)
(3134, 1123, -1449979870)
(3134, 1162, 224437042)
(3134, 1171, 614518262)
(3134, 1214, -1017224806)
(3134, 1236, 35576623)
(3134, 1242, 1790371053)
(3134, 1315, 363202324)
(3134, 1331, -1805720109)
(3134, 1338, 2132768431)
(3134, 1352, 1374446048)
(3137, 3, -1242216589)
(3137, 4, 227649044)
(3137, 6, -1004369406)
(3137, 28, 375723681)
(3137, 49, 459662892)
(3137, 77, -872398205)
(3137, 152, -2037000031)
(3137, 207, 2042527262)
(3137, 245, -1221871191)
(3137, 247, -1042304120)
(3137, 309, 947747772)
(3137, 323, 835268274)
(3137, 339, -1776319680)
(3137, 454, 460908995)
(3137, 477, -2143730846)
(3137, 499, 654151169)
(3137, 506, 313866825)
(3137, 539, 1010556825)
(3137, 596, 930958105)
(3137, 692, 320309109)
(3137, 710, 58701471)
(3137, 724, -885455520)
(3137, 725, 147345318)
(3137, 739, -690642153)
(3137, 761, 1493561538)
(3137, 792, -1028283558)
(3137, 847, -1240768022)
(3137, 892, -614427549)
(3137, 944, 184401190)
(3137, 965, -2062613105)
(3137, 979, -1602518166)
(3137, 986, -2129415495)
(3137, 999, -414902629)
(3137, 1054, 1321026291)
(3137, 1086, -2109263407)
(3137, 1188, 1127777591)
(3137, 1199, -1645403056)
(3137, 1200, 333970926)
(3137, 1241, 1732072808)
(3137, 1261, 2107909081)
(3137, 1291, 1870476920)
(3137, 1292, -1662606817)
(3139, 0, -1711061299)
(3139, 24, -528824381)
(3139, 47, -1449808985)
(3139, 89, -755944356)
(3139, 94, 96216591)
(3139, 111, 1914087819)
(3139, 176, -1380557865)
(3139, 183, 1071435860)
(3139, 187, -1267472567)
(3139, 261, 1291308177)
(3139, 273, -555340415)
(3139, 298, -1033799705)
(3139, 313, -254889167)
(3139, 347, -874132737)
(3139, 352, 2102759157)
(3139, 368, -408351716)
(3139, 435, -1212763705)
(3139, 441, -1006948147)
(3139, 492, -597694780)
(3139, 506, 1715856223)
(3139, 652, -1784991771)
(3139, 677, -405413713)
(3139, 702, -967396191)
(3139, 714, 179805685)
(3139, 733, -1412572840)
(3139, 768, -1591136738)
(3139, 771, 1777912087)
(3139, 772, -728290247)
(3139, 793, 320579026)
(3139, 810, -997295784)
(3139, 822, 897565541)
(3139, 837, 1901524894)
(3139, 859, 1811520046)
(3139, 895, 1944988796)
(3139, 907, -1013387785)
(3139, 917, -789370092)
(3139, 926, -1768254188)
(3139, 957, 1041477669)
(3139, 997, -1769244227)
(3139, 1001, -598094069)
(3139, 1004, -1326285946)
(3139, 1022, 636173315)
(3139, 1028, -847700781)
(3139, 1040, -175983579)
(3139, 1077, 1215181339)
(3139, 1083, -1902176512)
(3139, 1115, 1016472309)
(3139, 1181, 1720267401)
(3139, 1231, -671954675)
(3139, 1259, 1117568977)
(3139, 1297, 346160408)
(3139, 1302, 366120369)
(3139, 1345, 744058083)
(3139, 1358, 1378352394)
(3288, 10, 2051435075)
(3288, 41, -956989304)
(3288, 55, -726443293)
(3288, 56, -946420144)
(3288, 86, -1617766236)
(3288, 107, 909205498)
(3288, 136, 219393776)
(3288, 144, -1064147299)
(3288, 274, -1511800698)
(3288, 330, 1376939777)
(3288, 442, 2048122164)
(3288, 506, 1298554580)
(3288, 637, -111602456)
(3288, 656, 1130604190)
(3288, 699, 188853213)
(3288, 722, 1312673459)
(3288, 731, -1553565436)
(3288, 738, 1231694437)
(3288, 761, -898205278)
(3288, 770, -1789582228)
(3288, 814, -1704879737)
(3288, 851, -733996318)
(3288, 867, 132237832)
(3288, 900, 1357397876)
(3288, 979, 650451645)
(3288, 986, 74624760)
(3288, 1000, -1242414906)
(3288, 1054, -1993238743)
(3288, 1079, -1262900861)
(3288, 1122, -1170642772)
(3288, 1133, 958489325)
(3288, 1160, -596450129)
(3288, 1174, -797344032)
(3288, 1195, -270013742)
(3288, 1213, -1127505434)
(3288, 1243, 1944824475)
(3288, 1354, -973312719)
(3290, 6, -1876509060)
(3290, 7, 1510840245)
(3290, 25, 1106165889)
(3290, 31, -239036332)
(3290, 33, 243760505)
(3290, 60, -421348719)
(3290, 116, 264431858)
(3290, 190, 1945716172)
(3290, 199, -1271791256)
(3290, 213, -1858335041)
(3290, 221, -831883140)
(3290, 279, -115779902)
(3290, 287, 2129542950)
(3290, 312, -118680371)
(3290, 369, 861221847)
(3290, 416, 1712365855)
(3290, 441, -26447383)
(3290, 448, 965913011)
(3290, 449, 1289636303)
(3290, 451, 657135969)
(3290, 455, -1437233299)
(3290, 473, -1207395172)
(3290, 593, -842600979)
(3290, 641, 1790958624)
(3290, 706, 1745006462)
(3290, 718, -1470793533)
(3290, 761, 1919129510)
(3290, 796, -406927092)
(3290, 805, -23563289)
(3290, 819, -716745773)
(3290, 856, 644543655)
(3290, 885, -1164844144)
(3290, 891, 1586530818)
(3290, 919, 2000544691)
(3290, 930, -1425416708)
(3290, 1068, -266507092)
(3290, 1144, -1714611059)
(3290, 1253, 1448247636)
(3290, 1261, -2084497659)
(3290, 1267, 431909433)
(3290, 1270, -1361927866)
(3290, 1288, 848995868)
(3290, 1309, -1262926707)
(3290, 1321, 869306456)
(3290, 1331, 1341237872)
(3292, 35, -435019872)
(3292, 76, 1173235660)
(3292, 123, -627575671)
(3292, 144, -1532771746)
(3292, 155, -1536015035)
(3292, 197, -239577285)
(3292, 237, 1277134373)
(3292, 296, -290059003)
(3292, 399, -1096583288)
(3292, 430, -313592336)
(3292, 487, 1785050383)
(3292, 489, 289633235)
(3292, 492, 55263592)
(3292, 498, -362734285)
(3292, 514, -1030221681)
(3292, 568, -112181000)
(3292, 590, -669985785)
(3292, 666, -374091329)
(3292, 704, -592353039)
(3292, 725, 620865078)
(3292, 729, -1518791821)
(3292, 779, -1675224277)
(3292, 782, 2127092494)
(3292, 802, -1252681922)
(3292, 842, 493943974)
(3292, 896, -1264361053)
(3292, 904, -894481261)
(3292, 927, -1082512674)
(3292, 971, -995324398)
(3292, 987, 448971270)
(3292, 1003, 1395378692)
(3292, 1092, -2120078155)
(3292, 1105, -459936284)
(3292, 1124, -1847467475)
(3292, 1155, 51870447)
(3292, 1161, 617289085)
(3292, 1186, -1535468257)
(3292, 1205, 1725154947)
(3292, 1209, 1568822010)
(3292, 1217, 882725306)
(3292, 1293, 1750994539)
(3295, 93, 460520270)
(3295, 112, 451573226)
(3295, 145, -205142054)
(3295, 206, -1858422712)
(3295, 240, 1807097420)
(3295, 259, -1942381119)
(3295, 325, -1114598240)
(3295, 334, -1874790515)
(3295, 351, -1417598778)
(3295, 385, 1981245325)
(3295, 403, 1905615236)
(3295, 469, 189782500)
(3295, 528, 1339882694)
(3295, 535, -1024318183)
(3295, 645, 1844665983)
(3295, 652, -646315638)
(3295, 668, -1886176383)
(3295, 670, -1535419598)
(3295, 672, 422835429)
(3295, 792, 789542596)
(3295, 803, -1931646538)
(3295, 842, -1630052452)
(3295, 887, -2090385915)
(3295, 911, 700590184)
(3295, 978, -1283226434)
(3295, 1016, -1092043146)
(3295, 1024, -1103206231)
(3295, 1058, 2018761582)
(3295, 1104, 29171082)
(3295, 1108, 934898936)
(3295, 1119, -1805216731)
(3295, 1210, 1437957987)
(3295, 1239, 1136859629)
(3295, 1279, -1644333904)
(3323, 10, 1645356734)
(3323, 41, -1063383132)
(3323, 74, 1647486842)
(3323, 108, 1050629554)
(3323, 152, -947540082)
(3323, 194, 1305841446)
(3323, 224, 1375545917)
(3323, 245, -2082413492)
(3323, 255, -888699587)
(3323, 265, 342435280)
(3323, 377, 1648073821)
(3323, 406, 581756407)
(3323, 418, 1525892995)
(3323, 437, 74029952)
(3323, 442, -1547656683)
(3323, 445, 1595241660)
(3323, 496, -393485208)
(3323, 546, -243578890)
(3323, 572, 148710998)
(3323, 603, 522377113)
(3323, 799, 1653005205)
(3323, 933, -1976381589)
(3323, 956, -80957026)
(3323, 1032, -2144381799)
(3323, 1036, -2071659377)
(3323, 1052, 46274961)
(3323, 1101, 1469059157)
(3323, 1129, 1194796480)
(3323, 1131, 675162908)
(3323, 1140, -167398583)
(3323, 1157, 2007971671)
(3323, 1174, -1721270999)
(3323, 1209, -244783613)
(3323, 1236, -236090762)
(3323, 1279, 1524372915)
(3323, 1316, -809149358)
(3323, 1326, -1484075756)
(3323, 1337, 843418005)
(3323, 1348, 206198729)
(3335, 2, -2093215742)
(3335, 71, -2043725264)
(3335, 89, -1426568855)
(3335, 110, -99873413)
(3335, 124, 1370684838)
(3335, 206, -431356767)
(3335, 209, 1611956363)
(3335, 221, -382065191)
(3335, 224, -301300467)
(3335, 237, -1186927726)
(3335, 297, -333406592)
(3335, 342, 609975395)
(3335, 365, 27954095)
(3335, 419, 736183952)
(3335, 436, -977380363)
(3335, 453, -110326609)
(3335, 461, -420884406)
(3335, 484, 1330847015)
(3335, 505, 1990394890)
(3335, 518, -2134596669)
(3335, 526, -112728313)
(3335, 544, 1826390783)
(3335, 572, 2016086106)
(3335, 590, 164054579)
(3335, 617, -989860022)
(3335, 655, 1768421276)
(3335, 656, -1977395667)
(3335, 657, 655033982)
(3335, 672, -223125793)
(3335, 711, 1490258655)
(3335, 717, 1470661331)
(3335, 775, -1867056359)
(3335, 821, 2139502745)
(3335, 847, -343650314)
(3335, 850, 1156405225)
(3335, 861, -1800495345)
(3335, 878, -176860882)
(3335, 903, -92976788)
(3335, 964, 1473088563)
(3335, 1011, -462129889)
(3335, 1083, 631756779)
(3335, 1131, -1817518028)
(3335, 1140, -888226121)
(3335, 1175, -221520534)
(3335, 1205, -176903290)
(3335, 1218, -2112197929)
(3335, 1308, -1896855249)
(3335, 1352, 1921466840)
(3336, 145, 1006647014)
(3336, 156, -1495758785)
(3336, 294, 969374000)
(3336, 339, 1912206220)
(3336, 354, -1918686922)
(3336, 379, -821997669)
(3336, 445, -42056180)
(3336, 474, -122679071)
(3336, 483, 1190221899)
(3336, 488, -577407471)
(3336, 514, 1633155775)
(3336, 529, 151540766)
(3336, 723, 454151749)
(3336, 748, 1243389973)
(3336, 754, -835340778)
(3336, 766, -357383073)
(3336, 896, -357921556)
(3336, 955, 591365965)
(3336, 986, -1361236046)
(3336, 1044, 1141931757)
(3336, 1156, -1034304821)
(3336, 1209, -1121057945)
(3336, 1233, -1440908318)
(3336, 1310, -1044736618)
(3336, 1316, 268851188)
(3336, 1339, -452692619)
(3337, 57, -320365285)
(3337, 161, -1066837883)
(3337, 174, 1956631102)
(3337, 222, 340579981)
(3337, 269, 1346436082)
(3337, 352, 1943388706)
(3337, 460, 1400117760)
(3337, 468, 618537068)
(3337, 501, 1583066596)
(3337, 537, 693863974)
(3337, 599, 204868345)
(3337, 647, -1464899102)
(3337, 655, -876470600)
(3337, 662, 944129238)
(3337, 666, -1508536020)
(3337, 686, 89906625)
(3337, 687, 1204224689)
(3337, 699, 950088800)
(3337, 704, -2032926764)
(3337, 724, 244181593)
(3337, 743, -497514568)
(3337, 749, -671574216)
(3337, 750, 1844767747)
(3337, 759, -226769789)
(3337, 778, -1075880553)
(3337, 802, -332604293)
(3337, 843, 705064222)
(3337, 919, 1719922892)
(3337, 964, -1296072970)
(3337, 996, -1380706730)
(3337, 1040, 983190009)
(3337, 1057, 70251091)
(3337, 1124, 1048322748)
(3337, 1128, 2121126660)
(3337, 1222, 810595194)
(3337, 1248, 1699098168)
(3337, 1255, 1491198313)
(3337, 1269, 619706805)
(3337, 1316, -1814641337)
(3337, 1355, 892028520)
(3365, 196, -750273186)
(3365, 305, -1217659370)
(3365, 362, -1813274603)
(3365, 364, -1191679183)
(3365, 371, -116729147)
(3365, 397, -2133917532)
(3365, 445, -1231609139)
(3365, 560, 1603067362)
(3365, 614, -1346320446)
(3365, 633, -781783261)
(3365, 643, 885443196)
(3365, 679, -1128345639)
(3365, 695, -1636860712)
(3365, 768, 2027969558)
(3365, 791, 278569804)
(3365, 835, -923232864)
(3365, 861, 726247242)
(3365, 921, -467663617)
(3365, 943, -1419987532)
(3365, 982, -675205675)
(3365, 1069, 1779396088)
(3365, 1096, 1278453840)
(3365, 1101, -158121998)
(3365, 1147, -1378509367)
(3365, 1149, 139088137)
(3365, 1154, 1670002000)
(3365, 1158, 560239370)
(3365, 1167, -213816570)
(3365, 1174, -238954553)
(3365, 1219, -1587797564)
(3365, 1261, 1141831592)
(3365, 1299, -1636876439)
(3365, 1316, -242411105)
(3365, 1320, 1687440642)
(3401, 14, -1279944199)
(3401, 53, 1010123173)
(3401, 106, -837007431)
(3401, 127, 1403640068)
(3401, 154, 757214647)
(3401, 205, 1354826122)
(3401, 282, -947570301)
(3401, 288, 1317927139)
(3401, 302, -442068980)
(3401, 343, -1483334233)
(3401, 351, 1742732098)
(3401, 392, -1751226310)
(3401, 409, 483657206)
(3401, 440, 377586079)
(3401, 442, -1340046806)
(3401, 474, -1236472303)
(3401, 494, 1023129629)
(3401, 538, 1281819299)
(3401, 591, -2118060083)
(3401, 604, -527501464)
(3401, 690, -1330296763)
(3401, 764, -1247166824)
(3401, 771, 1412359311)
(3401, 775, 1232605605)
(3401, 833, -1355633793)
(3401, 855, -1747139371)
(3401, 861, -88256491)
(3401, 870, 1724062185)
(3401, 876, 610072708)
(3401, 883, 1726276603)
(3401, 906, 495103840)
(3401, 915, 1945568283)
(3401, 937, 1354108176)
(3401, 943, 58389173)
(3401, 949, 198924133)
(3401, 977, -958919449)
(3401, 1048, -957446373)
(3401, 1060, -1252212698)
(3401, 1106, -678131086)
(3401, 1119, 1178841786)
(3401, 1124, -1382125547)
(3401, 1129, 1203513261)
(3401, 1217, 135075921)
(3401, 1224, -2062775356)
(3401, 1270, -209714978)
(3401, 1275, 614699577)
(3401, 1296, 1935970968)
(3401, 1313, 1225374656)
(3401, 1347, -1922814072)
(3401, 1353, 2003812794)
(3401, 1357, -2062553157)
(3404, 83, -365356627)
(3404, 120, -436758847)
(3404, 129, 1700533479)
(3404, 135, 1107623804)
(3404, 157, -551401024)
(3404, 190, 1983810522)
(3404, 201, -562467321)
(3404, 209, 1789318804)
(3404, 214, -1828523950)
(3404, 279, 1334238349)
(3404, 346, 1141763917)
(3404, 390, -1091859767)
(3404, 418, -657713100)
(3404, 420, -2049534511)
(3404, 463, 236954549)
(3404, 642, -1157993346)
(3404, 661, 1899240854)
(3404, 682, -2145147318)
(3404, 736, 138301357)
(3404, 737, -220927905)
(3404, 790, 1501270768)
(3404, 825, -947167718)
(3404, 843, -35914679)
(3404, 864, -2048698842)
(3404, 895, -1831841765)
(3404, 908, 1959965431)
(3404, 961, 1737796915)
(3404, 1025, -1793372360)
(3404, 1045, 299090316)
(3404, 1057, 825475238)
(3404, 1068, 1635421042)
(3404, 1073, 1038201939)
(3404, 1086, -830351666)
(3404, 1101, -1237595411)
(3404, 1116, -53260646)
(3404, 1119, -216115233)
(3404, 1145, -2107100135)
(3404, 1146, 1146744681)
(3404, 1205, -198613828)
(3404, 1235, 1915739752)
(3404, 1254, 1617331484)
(3404, 1269, -1008549857)
(3404, 1340, -1379661200)
(3404, 1342, 1351303784)
(3407, 36, -1141753407)
(3407, 50, -1235432713)
(3407, 67, -1936922238)
(3407, 68, -532465875)
(3407, 73, -2132158098)
(3407, 91, 1746664953)
(3407, 108, -1064147553)
(3407, 168, 1598317278)
(3407, 235, 113116897)
(3407, 241, 197697827)
(3407, 258, -229085246)
(3407, 274, -2069685039)
(3407, 320, -1051628005)
(3407, 395, -2025330091)
(3407, 455, 1694088226)
(3407, 521, 2094561659)
(3407, 539, -166589445)
(3407, 550, -2000130514)
(3407, 593, -1319885172)
(3407, 614, -2123256554)
(3407, 647, -2013972905)
(3407, 667, 47499269)
(3407, 723, -107140856)
(3407, 737, 670589369)
(3407, 765, 1650758723)
(3407, 803, 1162747586)
(3407, 903, 348266749)
(3407, 916, 1789504237)
(3407, 928, 1965851428)
(3407, 932, -453217530)
(3407, 966, -1390905553)
(3407, 969, -849649068)
(3407, 971, -580112632)
(3407, 1019, 40135694)
(3407, 1120, -195133993)
(3407, 1141, -1525305710)
(3407, 1184, -947016509)
(3407, 1242, -1486976634)
(3407, 1267, -855324712)
(3407, 1286, 1689226979)
(3407, 1288, 1996428571)
(3413, 8, 2095179159)
(3413, 60, -1217146154)
(3413, 73, -949872255)
(3413, 82, 1248503252)
(3413, 96, -697077564)
(3413, 127, 281652138)
(3413, 144, 500068346)
(3413, 275, -573490262)
(3413, 369, -1407960031)
(3413, 376, -325113735)
(3413, 389, -893901266)
(3413, 415, 1094109722)
(3413, 436, -2142139165)
(3413, 453, 1867268705)
(3413, 481, 1096059306)
(3413, 491, -1771447205)
(3413, 551, -1551892899)
(3413, 582, -333711811)
(3413, 597, 1742054670)
(3413, 607, 1255304395)
(3413, 615, 1653225000)
(3413, 627, 123352897)
(3413, 630, 2010490632)
(3413, 671, 1683232108)
(3413, 756, 709968071)
(3413, 793, -1414201210)
(3413, 870, 137093778)
(3413, 942, -2005253866)
(3413, 954, 452158758)
(3413, 975, 549026537)
(3413, 988, 1989556408)
(3413, 1035, -276781968)
(3413, 1062, -1335420475)
(3413, 1087, 295559139)
(3413, 1128, 384983783)
(3413, 1141, 795663124)
(3413, 1167, -1720027463)
(3413, 1172, -1595552684)
(3413, 1176, 431956573)
(3413, 1220, 850546437)
(3413, 1257, -1859729061)
(3444, 17, -1488726618)
(3444, 87, -96991547)
(3444, 190, 127987382)
(3444, 256, -41742681)
(3444, 287, 1843360315)
(3444, 297, -898864352)
(3444, 308, -1374023292)
(3444, 313, 808740520)
(3444, 316, 1299582073)
(3444, 338, 1800785803)
(3444, 355, 1122967629)
(3444, 377, -1298779897)
(3444, 405, -1078861751)
(3444, 408, -1986194045)
(3444, 471, 640982212)
(3444, 481, 1196939882)
(3444, 490, -320899841)
(3444, 517, -1504216306)
(3444, 569, 1740951765)
(3444, 571, -838146863)
(3444, 597, 89952930)
(3444, 645, 1821402430)
(3444, 683, -1827592043)
(3444, 686, -447595843)
(3444, 757, -90247111)
(3444, 764, -1541054708)
(3444, 815, 471085059)
(3444, 848, -246464290)
(3444, 870, -687782532)
(3444, 915, 1952157757)
(3444, 929, -2089667843)
(3444, 931, -319842467)
(3444, 1026, -2110935643)
(3444, 1101, -2125251108)
(3444, 1114, 851204221)
(3444, 1150, -2071069799)
(3444, 1157, 314235456)
(3444, 1197, -1981280587)
(3454, 36, -511650675)
(3454, 59, 1878463181)
(3454, 101, 161615771)
(3454, 117, -223219717)
(3454, 156, 2117099453)
(3454, 171, 1050127440)
(3454, 182, -2144114624)
(3454, 198, -1270581593)
(3454, 208, -527779654)
(3454, 263, 249882050)
(3454, 367, -641174163)
(3454, 388, -1756378828)
(3454, 394, -1514776362)
(3454, 432, 177748549)
(3454, 505, 901407731)
(3454, 512, -730462215)
(3454, 543, -1641023727)
(3454, 548, 1568669298)
(3454, 565, 1140598496)
(3454, 566, -506232526)
(3454, 585, -637379260)
(3454, 595, -2052209624)
(3454, 644, -998528458)
(3454, 650, -796315344)
(3454, 702, -1614015799)
(3454, 843, -698886635)
(3454, 854, 1844251510)
(3454, 901, -1681440981)
(3454, 903, 1961045058)
(3454, 915, -500376567)
(3454, 951, 544953416)
(3454, 1007, 1248601697)
(3454, 1011, 653307185)
(3454, 1013, -1999061233)
(3454, 1015, -255850387)
(3454, 1040, -1311424799)
(3454, 1062, 2065836961)
(3454, 1078, -1975196442)
(3454, 1106, 1595195807)
(3454, 1122, 1748446981)
(3454, 1160, 1074728018)
(3454, 1186, 28193527)
(3454, 1188, 1234869475)
(3454, 1195, 717486297)
(3454, 1198, -601777390)
(3454, 1228, -185807036)
(3454, 1250, 1211256864)
(3454, 1272, 582873560)
(3454, 1309, -288480137)
(3467, 37, -1145488037)
(3467, 49, 188619985)
(3467, 57, -405116036)
(3467, 65, -1377825659)
(3467, 82, 1578137297)
(3467, 121, -677712290)
(3467, 129, 1701954046)
(3467, 197, -2076219563)
(3467, 200, -466599124)
(3467, 226, -1153755094)
(3467, 254, -306757580)
(3467, 256, -1625240291)
(3467, 257, 1417247628)
(3467, 285, -2035009978)
(3467, 356, 426177460)
(3467, 424, -1862451118)
(3467, 439, -1631207971)
(3467, 443, -1992765834)
(3467, 467, 1916267604)
(3467, 484, -1417939836)
(3467, 489, -71227568)
(3467, 496, -990633679)
(3467, 603, -1359180974)
(3467, 639, 2105628057)
(3467, 680, 1352701011)
(3467, 747, -19291488)
(3467, 754, -657324328)
(3467, 759, -698232422)
(3467, 782, -1054476954)
(3467, 807, -100920796)
(3467, 853, -1316496064)
(3467, 862, -717903908)
(3467, 881, 1402447502)
(3467, 894, 1516973572)
(3467, 934, -1465299034)
(3467, 949, -520747895)
(3467, 986, -2089191306)
(3467, 1035, -1411813215)
(3467, 1073, -1552400585)
(3467, 1085, 1977851244)
(3467, 1102, 786934270)
(3467, 1110, -1374980495)
(3467, 1120, 1798319845)
(3467, 1149, 1677170134)
(3467, 1174, -115128974)
(3467, 1237, 2091902422)
(3467, 1273, 2005014612)
(3467, 1334, 927197450)
(3523, 58, 210526891)
(3523, 102, 600818524)
(3523, 110, -86319304)
(3523, 125, -235285395)
(3523, 156, -1945353748)
(3523, 178, -428625691)
(3523, 243, -2140629030)
(3523, 281, -609947492)
(3523, 320, -1472025805)
(3523, 388, 1261110387)
(3523, 436, -896696666)
(3523, 464, 35595077)
(3523, 467, -312445111)
(3523, 473, 120566896)
(3523, 494, 1345878582)
(3523, 498, -431383179)
(3523, 547, 1040441914)
(3523, 613, -1197629752)
(3523, 625, -1450565580)
(3523, 638, 1568636505)
(3523, 805, -164691265)
(3523, 826, 2042996287)
(3523, 843, -172143724)
(3523, 963, -1680865409)
(3523, 991, -438738582)
(3523, 997, -1061705200)
(3523, 1004, -1818808179)
(3523, 1023, -709168782)
(3523, 1034, -1019490381)
(3523, 1097, 1945399109)
(3523, 1113, 972167312)
(3523, 1130, -1008438775)
(3523, 1131, 1109491830)
(3523, 1157, 405543908)
(3523, 1162, -846308279)
(3523, 1173, -1943457377)
(3523, 1238, -1006160210)
(3523, 1282, 566354585)
(3523, 1301, 1818777896)
(3523, 1359, 1204252600)
(3563, 16, -1647184189)
(3563, 27, 944415)
(3563, 28, -84377388)
(3563, 30, -1239046747)
(3563, 37, 1432443484)
(3563, 87, 1557816498)
(3563, 97, -726313102)
(3563, 106, -1099102680)
(3563, 128, -981339939)
(3563, 147, 182271815)
(3563, 170, 210556803)
(3563, 194, 782634175)
(3563, 213, 442898007)
(3563, 228, 1010888987)
(3563, 248, 807754101)
(3563, 257, 2009774906)
(3563, 269, -154222756)
(3563, 275, 1787557803)
(3563, 304, 330920379)
(3563, 334, -221290847)
(3563, 380, -695421922)
(3563, 391, 1890754718)
(3563, 435, 1631399389)
(3563, 471, 1982986482)
(3563, 477, 297628263)
(3563, 537, 974067408)
(3563, 542, -1981154060)
(3563, 693, -1298655901)
(3563, 696, -1913878758)
(3563, 762, 856105643)
(3563, 801, -144328066)
(3563, 803, -1472853408)
(3563, 808, -1034358501)
(3563, 860, 487223570)
(3563, 878, -1212334264)
(3563, 918, 95379580)
(3563, 933, 192715270)
(3563, 991, -489820967)
(3563, 994, -1195805848)
(3563, 1041, 1016561746)
(3563, 1079, 858373541)
(3563, 1101, -485167734)
(3563, 1105, 1809933079)
(3563, 1126, 25106135)
(3563, 1128, -465338823)
(3563, 1133, -293569450)
(3563, 1162, -1197878032)
(3563, 1241, 1128577983)
(3563, 1244, 1278961910)
(3563, 1254, 1651567021)
(3563, 1255, -1792988145)
(3563, 1266, -550897858)
(3563, 1328, -1218865297)
(3579, 84, 1489732843)
(3579, 100, 1743983714)
(3579, 120, 694597531)
(3579, 159, 1580038503)
(3579, 176, 1166228299)
(3579, 197, 613442839)
(3579, 242, -874289708)
(3579, 247, -1300196412)
(3579, 277, 1139037211)
(3579, 376, -126574837)
(3579, 432, -1069735097)
(3579, 453, -1595207234)
(3579, 465, 1790854704)
(3579, 492, -68707464)
(3579, 497, -392420742)
(3579, 523, 963827054)
(3579, 556, -1774040747)
(3579, 558, -733389903)
(3579, 576, -1299462360)
(3579, 615, -374038768)
(3579, 646, 2092584234)
(3579, 658, -1182725427)
(3579, 679, -1901374432)
(3579, 717, 1891402302)
(3579, 747, 1400682366)
(3579, 803, 1295212785)
(3579, 840, 541772344)
(3579, 858, -2128364809)
(3579, 918, -938800611)
(3579, 966, -417875205)
(3579, 1012, 711940843)
(3579, 1022, -815903767)
(3579, 1142, -855215402)
(3579, 1151, 891182773)
(3579, 1193, -1786437075)
(3579, 1238, 21413866)
(3579, 1276, -1859618035)
(3579, 1277, 1920051154)
(3579, 1281, -685860775)
(3579, 1294, -1182509030)
(3579, 1335, 561522924)
(3579, 1336, -1834930456)
(3590, 25, 831555455)
(3590, 30, 1444433785)
(3590, 63, 1776159144)
(3590, 111, 929781688)
(3590, 119, 1432360663)
(3590, 133, 1598654449)
(3590, 140, -1193713683)
(3590, 150, -12645699)
(3590, 170, 914693784)
(3590, 288, 1447720661)
(3590, 292, -720703644)
(3590, 347, 1637870747)
(3590, 379, 141218744)
(3590, 396, 1194318283)
(3590, 426, -1776130801)
(3590, 465, -1523412324)
(3590, 489, -1370756313)
(3590, 535, -514193453)
(3590, 552, 1248042328)
(3590, 655, 435361831)
(3590, 673, -623935753)
(3590, 748, -838244555)
(3590, 775, 525594548)
(3590, 842, 1551836821)
(3590, 872, -268872389)
(3590, 895, -1673201764)
(3590, 911, -132491575)
(3590, 915, 142954823)
(3590, 1046, -521720058)
(3590, 1115, -2113143568)
(3590, 1120, 1312994817)
(3590, 1158, -1243299056)
(3590, 1191, -1639349297)
(3590, 1207, -785237877)
(3590, 1267, -477059256)
(3594, 22, 2047414933)
(3594, 76, -504150909)
(3594, 115, 376839220)
(3594, 179, -1997573992)
(3594, 219, -981937339)
(3594, 262, -1821484594)
(3594, 271, 1182075406)
(3594, 311, -1677537006)
(3594, 333, -883021834)
(3594, 432, 704274256)
(3594, 433, 2136280766)
(3594, 443, -837340831)
(3594, 474, 2128692469)
(3594, 520, -1760840568)
(3594, 525, 21536815)
(3594, 588, -1130478540)
(3594, 762, 698234234)
(3594, 795, -596446457)
(3594, 808, -1152865630)
(3594, 831, 1307441335)
(3594, 972, 308462052)
(3594, 1009, 156195022)
(3594, 1027, 2096050522)
(3594, 1033, 1715987697)
(3594, 1085, -166135050)
(3594, 1108, 1854895918)
(3594, 1166, 1736517831)
(3594, 1178, -1111044769)
(3594, 1201, -1488630440)
(3594, 1205, 1364501512)
(3594, 1209, -1176248286)
(3594, 1210, 829628076)
(3594, 1290, 1873207834)
(3652, 10, 223938903)
(3652, 16, -662574913)
(3652, 65, -806620290)
(3652, 73, 1039038186)
(3652, 89, 1223647501)
(3652, 124, -1031324549)
(3652, 134, -903879901)
(3652, 165, -1174126473)
(3652, 312, -2046112772)
(3652, 371, 1684193913)
(3652, 401, -1097776019)
(3652, 463, 223411310)
(3652, 482, -1085669884)
(3652, 511, -195978597)
(3652, 570, -1602845584)
(3652, 588, 314489529)
(3652, 603, 957034635)
(3652, 667, 1487543798)
(3652, 677, 1914987522)
(3652, 680, 1552333973)
(3652, 686, 846650937)
(3652, 694, 693207191)
(3652, 700, 2107045630)
(3652, 707, -222629218)
(3652, 745, -897786261)
(3652, 755, 958074391)
(3652, 783, 1875660790)
(3652, 806, 1471793110)
(3652, 896, 529909985)
(3652, 917, 764776650)
(3652, 918, 1248386980)
(3652, 948, -2095976568)
(3652, 965, 841660057)
(3652, 970, -1346688406)
(3652, 973, -1753849319)
(3652, 1005, -1327033717)
(3652, 1008, -1189855883)
(3652, 1026, 1377884860)
(3652, 1049, 1363723285)
(3652, 1128, 266449695)
(3652, 1153, -1569807446)
(3654, 16, 2016351924)
(3654, 27, 452212641)
(3654, 145, -2057506767)
(3654, 147, -1217928908)
(3654, 173, -1414436593)
(3654, 203, 48216644)
(3654, 223, 1772011877)
(3654, 237, 665764034)
(3654, 370, -79331804)
(3654, 402, 1571125941)
(3654, 501, -545553557)
(3654, 517, -1609798812)
(3654, 522, -716178362)
(3654, 538, -1322292252)
(3654, 575, 2138042763)
(3654, 614, -910013245)
(3654, 658, 1403669886)
(3654, 663, 537013186)
(3654, 734, 1569296684)
(3654, 767, 1077099396)
(3654, 787, -1996358488)
(3654, 886, -117642877)
(3654, 906, 1730966600)
(3654, 988, 48595708)
(3654, 1011, 1397009985)
(3654, 1092, 1652805521)
(3654, 1094, -1110782172)
(3654, 1124, -1105478830)
(3654, 1170, 812024132)
(3654, 1201, -1998853209)
(3654, 1255, -115422134)
(3654, 1262, 1613972603)
(3654, 1292, 476764707)
(3654, 1303, 875776607)
(3654, 1354, -1032551932)
